6 0.6899038461538461 0.7776442307692307 0.09134615384615384 0.10336538461538461
0 0.7980769230769231 0.6911057692307693 0.07211538461538461 0.0889423076923077
1 0.6911057692307693 0.6802884615384616 0.10336538461538461 0.10096153846153846
4 0.3317307692307692 0.75 0.10096153846153846 0.10096153846153846
3 0.5204326923076923 0.6682692307692307 0.09375 0.08653846153846154
0 0.27524038461538464 0.6478365384615384 0.06490384615384616 0.0889423076923077
4 0.7752403846153846 0.7848557692307693 0.0985576923076923 0.0985576923076923
6 0.4206730769230769 0.22596153846153846 0.125 0.13942307692307693
5 0.5084134615384616 0.7632211538461539 0.09375 0.0985576923076923
2 0.3425480769230769 0.6514423076923077 0.09375 0.10096153846153846
4 0.4206730769230769 0.7584134615384616 0.09615384615384616 0.0985576923076923
1 0.40024038461538464 0.3701923076923077 0.1466346153846154 0.13942307692307693
4 0.7355769230769231 0.2608173076923077 0.14423076923076922 0.13701923076923078
9 0.42788461538461536 0.6598557692307693 0.10096153846153846 0.09375
3 0.27884615384615385 0.5180288461538461 0.15384615384615385 0.12740384615384615
3 0.5949519230769231 0.3954326923076923 0.15144230769230768 0.12740384615384615
9 0.24879807692307693 0.35697115384615385 0.15144230769230768 0.13701923076923078
2 0.5985576923076923 0.24639423076923078 0.13942307692307693 0.13221153846153846
6 0.7463942307692307 0.4026442307692308 0.13221153846153846 0.14182692307692307
9 0.265625 0.21033653846153846 0.16105769230769232 0.13701923076923078