0 0.5012019230769231 0.5793269230769231 0.06490384615384616 0.07211538461538461
7 0.7728365384615384 0.6117788461538461 0.07932692307692307 0.07932692307692307
1 0.46875 0.6550480769230769 0.08173076923076923 0.07932692307692307
4 0.7584134615384616 0.6887019230769231 0.08413461538461539 0.07932692307692307
4 0.390625 0.6478365384615384 0.08413461538461539 0.08413461538461539
7 0.4098557692307692 0.5661057692307693 0.0889423076923077 0.07932692307692307
4 0.5576923076923077 0.5853365384615384 0.07692307692307693 0.07932692307692307
0 0.7151442307692307 0.6069711538461539 0.055288461538461536 0.06971153846153846
5 0.6838942307692307 0.6790865384615384 0.07932692307692307 0.07932692307692307
4 0.5432692307692307 0.6634615384615384 0.08173076923076923 0.08173076923076923
9 0.3870192307692308 0.18870192307692307 0.14423076923076922 0.12740384615384615
4 0.7728365384615384 0.37740384615384615 0.13221153846153846 0.1201923076923077
3 0.37259615384615385 0.4543269230769231 0.13942307692307693 0.11057692307692307
3 0.5228365384615384 0.21153846153846154 0.12740384615384615 0.11057692307692307
3 0.8040865384615384 0.25961538461538464 0.12259615384615384 0.10576923076923077
4 0.6730769230769231 0.23557692307692307 0.12980769230769232 0.125
4 0.6490384615384616 0.3605769230769231 0.12980769230769232 0.1201923076923077
1 0.4891826923076923 0.3329326923076923 0.12740384615384615 0.11778846153846154
9 0.35697115384615385 0.3125 0.13701923076923078 0.1201923076923077