8 0.7572115384615384 0.6262019230769231 0.08173076923076923 0.07451923076923077
0 0.38461538461538464 0.5685096153846154 0.057692307692307696 0.06971153846153846
6 0.5769230769230769 0.5961538461538461 0.07211538461538461 0.08173076923076923
6 0.6802884615384616 0.6862980769230769 0.0673076923076923 0.07451923076923077
2 0.4338942307692308 0.5745192307692307 0.07932692307692307 0.08173076923076923
4 0.41466346153846156 0.6526442307692307 0.08413461538461539 0.07932692307692307
8 0.5516826923076923 0.6706730769230769 0.08413461538461539 0.07692307692307693
0 0.7043269230769231 0.6177884615384616 0.0625 0.07211538461538461
3 0.48677884615384615 0.6634615384615384 0.07932692307692307 0.07211538461538461
9 0.5012019230769231 0.5853365384615384 0.0889423076923077 0.07932692307692307
1 0.7415865384615384 0.6983173076923077 0.07932692307692307 0.07451923076923077
0 0.7103365384615384 0.27163461538461536 0.07932692307692307 0.10096153846153846
8 0.7716346153846154 0.40024038461538464 0.125 0.11298076923076923
7 0.5456730769230769 0.234375 0.1346153846153846 0.11298076923076923
3 0.4074519230769231 0.4639423076923077 0.13221153846153846 0.10576923076923077
3 0.6646634615384616 0.38341346153846156 0.12740384615384615 0.10817307692307693
9 0.43028846153846156 0.2127403846153846 0.13942307692307693 0.11298076923076923
1 0.7944711538461539 0.2848557692307692 0.12259615384615384 0.11298076923076923
1 0.5192307692307693 0.35336538461538464 0.125 0.11538461538461539
9 0.4014423076923077 0.3317307692307692 0.1346153846153846 0.11538461538461539