7 0.4891826923076923 0.5841346153846154 0.0889423076923077 0.08173076923076923
7 0.6899038461538461 0.6911057692307693 0.08653846153846154 0.07932692307692307
7 0.47716346153846156 0.6634615384615384 0.08413461538461539 0.08173076923076923
1 0.6971153846153846 0.6117788461538461 0.09134615384615384 0.08413461538461539
4 0.4026442307692308 0.65625 0.0889423076923077 0.08653846153846154
2 0.5625 0.5925480769230769 0.08653846153846154 0.08413461538461539
5 0.5480769230769231 0.6730769230769231 0.08173076923076923 0.08173076923076923
9 0.7716346153846154 0.6201923076923077 0.08653846153846154 0.07692307692307693
4 0.41346153846153844 0.5745192307692307 0.08653846153846154 0.08173076923076923
2 0.7608173076923077 0.6995192307692307 0.08413461538461539 0.08173076923076923
9 0.38221153846153844 0.19591346153846154 0.13942307692307693 0.12259615384615384
7 0.7764423076923077 0.25841346153846156 0.1346153846153846 0.11778846153846154
0 0.6887019230769231 0.24639423076923078 0.07932692307692307 0.0985576923076923
1 0.4855769230769231 0.3401442307692308 0.12980769230769232 0.12259615384615384
9 0.3581730769230769 0.32091346153846156 0.13942307692307693 0.11778846153846154
2 0.36899038461538464 0.45913461538461536 0.1466346153846154 0.125
1 0.7620192307692307 0.3786057692307692 0.125 0.11778846153846154
3 0.6430288461538461 0.3641826923076923 0.12740384615384615 0.10817307692307693
2 0.5060096153846154 0.21514423076923078 0.13221153846153846 0.12259615384615384