5 0.49759615384615385 0.6610576923076923 0.0673076923076923 0.0673076923076923
1 0.6334134615384616 0.6742788461538461 0.08413461538461539 0.06971153846153846
0 0.7379807692307693 0.6081730769230769 0.0673076923076923 0.0625
8 0.3786057692307692 0.578125 0.0985576923076923 0.07451923076923077
1 0.6550480769230769 0.5985576923076923 0.09375 0.07211538461538461
0 0.5793269230769231 0.6682692307692307 0.0673076923076923 0.0625
6 0.7067307692307693 0.6754807692307693 0.08173076923076923 0.0673076923076923
6 0.3641826923076923 0.6502403846153846 0.08413461538461539 0.06971153846153846
9 0.7584134615384616 0.3762019230769231 0.1466346153846154 0.11298076923076923
1 0.31009615384615385 0.5733173076923077 0.10096153846153846 0.07451923076923077
2 0.43149038461538464 0.65625 0.08413461538461539 0.07211538461538461
0 0.4170673076923077 0.21153846153846154 0.11298076923076923 0.11057692307692307
6 0.45552884615384615 0.5817307692307693 0.08413461538461539 0.07211538461538461
5 0.7908653846153846 0.2548076923076923 0.12980769230769232 0.11538461538461539
4 0.5084134615384616 0.22235576923076922 0.13221153846153846 0.12259615384615384
1 0.6358173076923077 0.36658653846153844 0.12740384615384615 0.11298076923076923
1 0.6838942307692307 0.23557692307692307 0.14182692307692307 0.11538461538461539
5 0.5204326923076923 0.5877403846153846 0.06490384615384616 0.07451923076923077
1 0.4795673076923077 0.3473557692307692 0.13701923076923078 0.11298076923076923
2 0.35697115384615385 0.46875 0.15144230769230768 0.1201923076923077
9 0.359375 0.3329326923076923 0.15625 0.12259615384615384