1 0.3269230769230769 0.5721153846153846 0.08173076923076923 0.10096153846153846
1 0.4074519230769231 0.5805288461538461 0.08413461538461539 0.09375
6 0.5576923076923077 0.6742788461538461 0.08173076923076923 0.09375
0 0.3798076923076923 0.1971153846153846 0.1201923076923077 0.11538461538461539
9 0.7884615384615384 0.6141826923076923 0.07692307692307693 0.10336538461538461
8 0.7788461538461539 0.6971153846153846 0.08173076923076923 0.10096153846153846
7 0.5588942307692307 0.59375 0.07932692307692307 0.09615384615384616
2 0.47475961538461536 0.6682692307692307 0.07932692307692307 0.09615384615384616
1 0.7079326923076923 0.6057692307692307 0.07932692307692307 0.10096153846153846
0 0.49759615384615385 0.5901442307692307 0.07211538461538461 0.07451923076923077
1 0.7668269230769231 0.3701923076923077 0.1201923076923077 0.13942307692307693
4 0.39663461538461536 0.6634615384615384 0.08173076923076923 0.10096153846153846
2 0.35216346153846156 0.46153846153846156 0.13221153846153846 0.16346153846153846
2 0.7872596153846154 0.24158653846153846 0.12259615384615384 0.15144230769230768
5 0.7019230769230769 0.6899038461538461 0.08173076923076923 0.10096153846153846
3 0.6622596153846154 0.23317307692307693 0.11778846153846154 0.15384615384615385
1 0.46875 0.33653846153846156 0.1201923076923077 0.14423076923076922
9 0.328125 0.32091346153846156 0.12740384615384615 0.16105769230769232
2 0.48677884615384615 0.20793269230769232 0.12259615384615384 0.1466346153846154
4 0.6322115384615384 0.3557692307692308 0.125 0.13942307692307693