0 0.38341346153846156 0.22956730769230768 0.10817307692307693 0.10336538461538461
3 0.4170673076923077 0.5985576923076923 0.06971153846153846 0.09134615384615384
1 0.34375 0.5901442307692307 0.08173076923076923 0.0985576923076923
8 0.7716346153846154 0.6310096153846154 0.07211538461538461 0.0889423076923077
1 0.5492788461538461 0.6887019230769231 0.07932692307692307 0.09375
3 0.6550480769230769 0.2620192307692308 0.10817307692307693 0.14423076923076922
3 0.4951923076923077 0.24278846153846154 0.10096153846153846 0.13942307692307693
0 0.7127403846153846 0.6262019230769231 0.06971153846153846 0.07451923076923077
2 0.36899038461538464 0.4831730769230769 0.12259615384615384 0.14903846153846154
1 0.4735576923076923 0.36177884615384615 0.11538461538461539 0.12740384615384615
4 0.5576923076923077 0.6105769230769231 0.07692307692307693 0.09134615384615384
9 0.4855769230769231 0.6033653846153846 0.07692307692307693 0.09615384615384616
2 0.4795673076923077 0.6826923076923077 0.07932692307692307 0.08653846153846154
9 0.3425480769230769 0.34975961538461536 0.11778846153846154 0.15625
5 0.6899038461538461 0.703125 0.07692307692307693 0.09375
4 0.40625 0.6778846153846154 0.07692307692307693 0.09615384615384616
6 0.7644230769230769 0.7091346153846154 0.07692307692307693 0.08653846153846154
4 0.6286057692307693 0.38221153846153844 0.11778846153846154 0.1346153846153846
6 0.7752403846153846 0.27403846153846156 0.11298076923076923 0.1201923076923077
2 0.7560096153846154 0.3942307692307692 0.11778846153846154 0.14423076923076922