8 0.6947115384615384 0.6899038461538461 0.09134615384615384 0.07211538461538461
0 0.7283653846153846 0.6189903846153846 0.0673076923076923 0.06490384615384616
6 0.7644230769230769 0.3798076923076923 0.1201923076923077 0.10576923076923077
9 0.6322115384615384 0.6862980769230769 0.08653846153846154 0.06971153846153846
1 0.6502403846153846 0.609375 0.09375 0.07451923076923077
0 0.546875 0.22716346153846154 0.09375 0.11298076923076923
4 0.4963942307692308 0.6754807692307693 0.0889423076923077 0.07692307692307693
0 0.3942307692307692 0.5889423076923077 0.07692307692307693 0.0673076923076923
0 0.5336538461538461 0.6009615384615384 0.07692307692307693 0.0673076923076923
0 0.5805288461538461 0.6802884615384616 0.06490384615384616 0.0625
4 0.4519230769230769 0.5925480769230769 0.09134615384615384 0.07451923076923077
0 0.421875 0.21634615384615385 0.11778846153846154 0.11538461538461539
1 0.6370192307692307 0.37259615384615385 0.14423076923076922 0.11538461538461539
4 0.7920673076923077 0.25721153846153844 0.14182692307692307 0.1201923076923077
1 0.6754807692307693 0.2403846153846154 0.14423076923076922 0.1201923076923077
1 0.3137019230769231 0.5817307692307693 0.10336538461538461 0.08173076923076923
5 0.35697115384615385 0.6634615384615384 0.0985576923076923 0.07692307692307693
6 0.4362980769230769 0.6670673076923077 0.08413461538461539 0.07451923076923077
1 0.4807692307692308 0.35336538461538464 0.13942307692307693 0.11538461538461539
9 0.3557692307692308 0.33774038461538464 0.15865384615384615 0.11778846153846154
2 0.35336538461538464 0.47596153846153844 0.16346153846153846 0.1201923076923077