1 0.65625 0.6129807692307693 0.09134615384615384 0.07211538461538461
0 0.6466346153846154 0.6923076923076923 0.0625 0.0625
4 0.765625 0.37740384615384615 0.13221153846153846 0.11538461538461539
0 0.515625 0.6814903846153846 0.06971153846153846 0.06490384615384616
7 0.5264423076923077 0.5997596153846154 0.09615384615384616 0.07451923076923077
7 0.4567307692307692 0.5961538461538461 0.09615384615384616 0.07692307692307693
4 0.38461538461538464 0.5901442307692307 0.08653846153846154 0.07932692307692307
1 0.7211538461538461 0.6213942307692307 0.09134615384615384 0.06971153846153846
0 0.5865384615384616 0.6850961538461539 0.0673076923076923 0.0625
8 0.43509615384615385 0.6754807692307693 0.09615384615384616 0.07692307692307693
4 0.7980769230769231 0.25240384615384615 0.14423076923076922 0.125
3 0.7019230769230769 0.6959134615384616 0.07692307692307693 0.06490384615384616
1 0.3173076923076923 0.5853365384615384 0.10096153846153846 0.07932692307692307
5 0.3641826923076923 0.6682692307692307 0.10336538461538461 0.07692307692307693
0 0.42788461538461536 0.21153846153846154 0.11538461538461539 0.125
1 0.6382211538461539 0.3701923076923077 0.15144230769230768 0.1201923076923077
2 0.6814903846153846 0.234375 0.13221153846153846 0.12259615384615384
1 0.48677884615384615 0.34975961538461536 0.14182692307692307 0.11778846153846154
2 0.5288461538461539 0.21875 0.14423076923076922 0.125
9 0.36177884615384615 0.33653846153846156 0.1658653846153846 0.1201923076923077
2 0.3557692307692308 0.47596153846153844 0.16346153846153846 0.125