2 0.5492788461538461 0.6814903846153846 0.07932692307692307 0.10336538461538461
0 0.41466346153846156 0.5865384615384616 0.07451923076923077 0.07211538461538461
1 0.3233173076923077 0.5745192307692307 0.08413461538461539 0.10096153846153846
7 0.7836538461538461 0.6189903846153846 0.07692307692307693 0.10336538461538461
0 0.3701923076923077 0.1971153846153846 0.11538461538461539 0.11538461538461539
0 0.71875 0.6129807692307693 0.07692307692307693 0.07692307692307693
2 0.34615384615384615 0.4651442307692308 0.12980769230769232 0.16105769230769232
0 0.7884615384615384 0.703125 0.0673076923076923 0.06490384615384616
7 0.47716346153846156 0.5913461538461539 0.07932692307692307 0.10096153846153846
4 0.390625 0.6670673076923077 0.07932692307692307 0.10336538461538461
9 0.5540865384615384 0.5985576923076923 0.08413461538461539 0.10576923076923077
3 0.4735576923076923 0.6766826923076923 0.07211538461538461 0.10336538461538461
2 0.6502403846153846 0.22716346153846154 0.12259615384615384 0.15144230769230768
1 0.4639423076923077 0.3389423076923077 0.125 0.14903846153846154
4 0.6298076923076923 0.3557692307692308 0.125 0.14423076923076922
2 0.4807692307692308 0.2091346153846154 0.1201923076923077 0.14423076923076922
9 0.3233173076923077 0.3233173076923077 0.12740384615384615 0.1658653846153846
6 0.7043269230769231 0.6911057692307693 0.08173076923076923 0.09375
9 0.7596153846153846 0.3713942307692308 0.125 0.16105769230769232
9 0.7800480769230769 0.24158653846153846 0.11778846153846154 0.15144230769230768