4 0.6899038461538461 0.6947115384615384 0.08173076923076923 0.10096153846153846
7 0.46274038461538464 0.671875 0.07932692307692307 0.0985576923076923
0 0.359375 0.19471153846153846 0.11778846153846154 0.1201923076923077
1 0.31490384615384615 0.5733173076923077 0.08653846153846154 0.10336538461538461
0 0.7163461538461539 0.6129807692307693 0.07211538461538461 0.07692307692307693
3 0.38461538461538464 0.6670673076923077 0.07211538461538461 0.10336538461538461
3 0.7692307692307693 0.7007211538461539 0.07692307692307693 0.0985576923076923
4 0.5372596153846154 0.6802884615384616 0.08413461538461539 0.10096153846153846
2 0.47115384615384615 0.5901442307692307 0.08653846153846154 0.10336538461538461
2 0.33774038461538464 0.46274038461538464 0.13701923076923078 0.1658653846153846
6 0.7644230769230769 0.36899038461538464 0.1201923076923077 0.13221153846153846
7 0.7788461538461539 0.23918269230769232 0.1201923076923077 0.15625
5 0.5456730769230769 0.5949519230769231 0.08653846153846154 0.10336538461538461
6 0.7848557692307693 0.6153846153846154 0.07932692307692307 0.08653846153846154
9 0.390625 0.5805288461538461 0.08413461538461539 0.10336538461538461
1 0.4723557692307692 0.20432692307692307 0.12259615384615384 0.14423076923076922
2 0.45552884615384615 0.33653846153846156 0.12259615384615384 0.14903846153846154
9 0.3161057692307692 0.31971153846153844 0.12740384615384615 0.16826923076923078
9 0.6286057692307693 0.3545673076923077 0.12259615384615384 0.15625
2 0.6454326923076923 0.22355769230769232 0.12259615384615384 0.14903846153846154