0 0.4951923076923077 0.6670673076923077 0.0625 0.06971153846153846
6 0.4891826923076923 0.5841346153846154 0.07451923076923077 0.08173076923076923
8 0.5564903846153846 0.5889423076923077 0.0889423076923077 0.08173076923076923
0 0.6610576923076923 0.24158653846153846 0.08173076923076923 0.10336538461538461
0 0.3557692307692308 0.5793269230769231 0.0625 0.07211538461538461
4 0.5480769230769231 0.6706730769230769 0.08653846153846154 0.08173076923076923
8 0.6875 0.6778846153846154 0.09134615384615384 0.08173076923076923
1 0.46033653846153844 0.3485576923076923 0.12740384615384615 0.1201923076923077
1 0.7668269230769231 0.6826923076923077 0.08653846153846154 0.08173076923076923
3 0.41346153846153844 0.5829326923076923 0.08653846153846154 0.07451923076923077
8 0.7524038461538461 0.24639423076923078 0.13942307692307693 0.12259615384615384
1 0.6971153846153846 0.5973557692307693 0.09134615384615384 0.07932692307692307
5 0.4026442307692308 0.6598557692307693 0.0889423076923077 0.08413461538461539
2 0.3581730769230769 0.4699519230769231 0.12980769230769232 0.11778846153846154
1 0.7752403846153846 0.6045673076923077 0.0889423076923077 0.08413461538461539
5 0.7391826923076923 0.36899038461538464 0.12740384615384615 0.11778846153846154
2 0.6213942307692307 0.3605769230769231 0.12259615384615384 0.11538461538461539
7 0.47115384615384615 0.22355769230769232 0.1346153846153846 0.11538461538461539
9 0.33774038461538464 0.3401442307692308 0.13221153846153846 0.11778846153846154
9 0.35096153846153844 0.21514423076923078 0.1346153846153846 0.11298076923076923