6 0.4110576923076923 0.5769230769230769 0.07211538461538461 0.08173076923076923
0 0.34975961538461536 0.5769230769230769 0.06009615384615385 0.07211538461538461
0 0.7800480769230769 0.609375 0.06971153846153846 0.07932692307692307
8 0.6850961538461539 0.6790865384615384 0.09134615384615384 0.08413461538461539
3 0.5516826923076923 0.5901442307692307 0.08413461538461539 0.07451923076923077
9 0.47716346153846156 0.5841346153846154 0.0889423076923077 0.08173076923076923
1 0.46875 0.6658653846153846 0.08653846153846154 0.08173076923076923
2 0.3485576923076923 0.4651442307692308 0.13942307692307693 0.12259615384615384
6 0.5456730769230769 0.6682692307692307 0.08653846153846154 0.08173076923076923
1 0.6911057692307693 0.5961538461538461 0.09375 0.08173076923076923
4 0.7584134615384616 0.6850961538461539 0.0889423076923077 0.08653846153846154
8 0.46634615384615385 0.21394230769230768 0.1346153846153846 0.125
5 0.3942307692307692 0.6598557692307693 0.08653846153846154 0.08413461538461539
1 0.6262019230769231 0.2247596153846154 0.12740384615384615 0.11778846153846154
3 0.7427884615384616 0.36658653846153844 0.13942307692307693 0.10817307692307693
7 0.7487980769230769 0.23557692307692307 0.13701923076923078 0.1201923076923077
1 0.4543269230769231 0.33774038461538464 0.125 0.11778846153846154
9 0.34375 0.203125 0.13942307692307693 0.11778846153846154
2 0.6177884615384616 0.35216346153846156 0.1346153846153846 0.12259615384615384
9 0.3317307692307692 0.3293269230769231 0.1346153846153846 0.1201923076923077