8 0.44350961538461536 0.671875 0.0889423076923077 0.08413461538461539
0 0.32211538461538464 0.5769230769230769 0.057692307692307696 0.07211538461538461
4 0.3798076923076923 0.5817307692307693 0.08173076923076923 0.08173076923076923
3 0.34615384615384615 0.4639423076923077 0.14903846153846154 0.11057692307692307
7 0.7572115384615384 0.6165865384615384 0.08173076923076923 0.07932692307692307
0 0.5516826923076923 0.5985576923076923 0.06009615384615385 0.07211538461538461
0 0.7019230769230769 0.6117788461538461 0.057692307692307696 0.07451923076923077
4 0.36538461538461536 0.6634615384615384 0.09134615384615384 0.08653846153846154
4 0.5192307692307693 0.6778846153846154 0.08173076923076923 0.08173076923076923
5 0.7415865384615384 0.6995192307692307 0.08413461538461539 0.08653846153846154
7 0.6658653846153846 0.6911057692307693 0.08653846153846154 0.08413461538461539
5 0.45913461538461536 0.5913461538461539 0.08653846153846154 0.08653846153846154
8 0.4879807692307692 0.20552884615384615 0.13942307692307693 0.13221153846153846
7 0.7824519230769231 0.2439903846153846 0.1466346153846154 0.11778846153846154
3 0.6346153846153846 0.3605769230769231 0.12980769230769232 0.10576923076923077
9 0.35697115384615385 0.18990384615384615 0.1466346153846154 0.125
9 0.3269230769230769 0.32211538461538464 0.14423076923076922 0.125
3 0.6634615384615384 0.23076923076923078 0.12980769230769232 0.10576923076923077
1 0.4651442307692308 0.33653846153846156 0.14182692307692307 0.125
9 0.7584134615384616 0.3713942307692308 0.14182692307692307 0.12259615384615384