0 0.7283653846153846 0.6141826923076923 0.0673076923076923 0.06009615384615385
0 0.640625 0.6826923076923077 0.06971153846153846 0.0625
0 0.6983173076923077 0.6862980769230769 0.06971153846153846 0.06490384615384616
0 0.5396634615384616 0.5973557692307693 0.06490384615384616 0.06009615384615385
8 0.45552884615384615 0.5901442307692307 0.0889423076923077 0.07451923076923077
0 0.5072115384615384 0.6694711538461539 0.07211538461538461 0.06971153846153846
8 0.3858173076923077 0.5853365384615384 0.0985576923076923 0.07451923076923077
5 0.4326923076923077 0.6670673076923077 0.09134615384615384 0.07932692307692307
6 0.7572115384615384 0.3798076923076923 0.11538461538461539 0.10576923076923077
4 0.5216346153846154 0.22716346153846154 0.14423076923076922 0.11778846153846154
1 0.6526442307692307 0.6069711538461539 0.0889423076923077 0.06971153846153846
6 0.8040865384615384 0.25600961538461536 0.11298076923076923 0.11298076923076923
0 0.5817307692307693 0.6766826923076923 0.0673076923076923 0.06490384615384616
1 0.6346153846153846 0.3713942307692308 0.14903846153846154 0.11778846153846154
5 0.3641826923076923 0.6610576923076923 0.09375 0.07211538461538461
1 0.484375 0.3545673076923077 0.13221153846153846 0.11298076923076923
9 0.40024038461538464 0.21153846153846154 0.18509615384615385 0.1201923076923077
2 0.6778846153846154 0.24158653846153846 0.1346153846153846 0.12259615384615384
9 0.36177884615384615 0.3401442307692308 0.1658653846153846 0.11778846153846154
2 0.3581730769230769 0.47596153846153844 0.16346153846153846 0.1201923076923077