6 0.4170673076923077 0.578125 0.06971153846153846 0.07932692307692307
0 0.7043269230769231 0.6826923076923077 0.0625 0.07211538461538461
0 0.5637019230769231 0.6706730769230769 0.06009615384615385 0.07211538461538461
7 0.4807692307692308 0.5841346153846154 0.08653846153846154 0.08173076923076923
0 0.78125 0.24519230769230768 0.08173076923076923 0.10096153846153846
0 0.5685096153846154 0.5901442307692307 0.055288461538461536 0.07451923076923077
1 0.6947115384615384 0.5973557692307693 0.08173076923076923 0.07932692307692307
8 0.47475961538461536 0.6658653846153846 0.0889423076923077 0.08173076923076923
0 0.3545673076923077 0.578125 0.06009615384615385 0.06971153846153846
0 0.6394230769230769 0.6778846153846154 0.0625 0.07692307692307693
1 0.7704326923076923 0.6057692307692307 0.0889423076923077 0.08173076923076923
3 0.7644230769230769 0.6875 0.09134615384615384 0.07692307692307693
4 0.7427884615384616 0.3641826923076923 0.12980769230769232 0.11778846153846154
5 0.4014423076923077 0.6598557692307693 0.08653846153846154 0.08413461538461539
8 0.4723557692307692 0.21754807692307693 0.13221153846153846 0.12259615384615384
2 0.3545673076923077 0.46634615384615385 0.13221153846153846 0.1201923076923077
1 0.45913461538461536 0.3401442307692308 0.12980769230769232 0.11778846153846154
1 0.6189903846153846 0.3545673076923077 0.12740384615384615 0.11778846153846154
9 0.34975961538461536 0.20673076923076922 0.13701923076923078 0.11538461538461539
4 0.6274038461538461 0.22956730769230768 0.12980769230769232 0.11778846153846154
9 0.33774038461538464 0.3329326923076923 0.13221153846153846 0.11778846153846154