0 0.4963942307692308 0.23076923076923078 0.0889423076923077 0.10576923076923077
0 0.6334134615384616 0.6814903846153846 0.06009615384615385 0.07451923076923077
4 0.47836538461538464 0.5889423076923077 0.08173076923076923 0.08173076923076923
3 0.7704326923076923 0.6141826923076923 0.09375 0.07451923076923077
1 0.6875 0.6838942307692307 0.08173076923076923 0.07932692307692307
0 0.37259615384615385 0.22355769230769232 0.09134615384615384 0.11057692307692307
1 0.4723557692307692 0.6694711538461539 0.08413461538461539 0.07932692307692307
6 0.4014423076923077 0.6634615384615384 0.08173076923076923 0.08173076923076923
1 0.6947115384615384 0.6045673076923077 0.08653846153846154 0.07932692307692307
1 0.546875 0.6742788461538461 0.08413461538461539 0.07932692307692307
9 0.40625 0.5877403846153846 0.08653846153846154 0.07451923076923077
0 0.6550480769230769 0.2439903846153846 0.0889423076923077 0.10817307692307693
9 0.5456730769230769 0.5949519230769231 0.09134615384615384 0.07932692307692307
1 0.3329326923076923 0.5817307692307693 0.08413461538461539 0.07692307692307693
2 0.7596153846153846 0.6899038461538461 0.08653846153846154 0.08173076923076923
1 0.6165865384615384 0.36177884615384615 0.12740384615384615 0.11778846153846154
0 0.7740384615384616 0.2548076923076923 0.08173076923076923 0.10096153846153846
2 0.35216346153846156 0.4735576923076923 0.13221153846153846 0.125
1 0.45552884615384615 0.35216346153846156 0.12740384615384615 0.11778846153846154
1 0.7415865384615384 0.3701923076923077 0.12740384615384615 0.11538461538461539
9 0.3329326923076923 0.3425480769230769 0.13701923076923078 0.11778846153846154