0 0.3233173076923077 0.5925480769230769 0.06490384615384616 0.07451923076923077
7 0.7235576923076923 0.7079326923076923 0.07692307692307693 0.07932692307692307
8 0.6502403846153846 0.6995192307692307 0.08413461538461539 0.08173076923076923
0 0.47115384615384615 0.6057692307692307 0.057692307692307696 0.07211538461538461
1 0.671875 0.625 0.08413461538461539 0.08173076923076923
0 0.5456730769230769 0.6129807692307693 0.052884615384615384 0.0673076923076923
0 0.3954326923076923 0.5973557692307693 0.06009615384615385 0.07451923076923077
5 0.3557692307692308 0.6694711538461539 0.08173076923076923 0.08413461538461539
2 0.4362980769230769 0.6790865384615384 0.07932692307692307 0.08413461538461539
1 0.34375 0.4855769230769231 0.13942307692307693 0.125
5 0.5084134615384616 0.6850961538461539 0.07932692307692307 0.08173076923076923
1 0.671875 0.2548076923076923 0.13701923076923078 0.125
5 0.4987980769230769 0.23557692307692307 0.13701923076923078 0.125
2 0.7716346153846154 0.39783653846153844 0.1346153846153846 0.12259615384615384
2 0.6418269230769231 0.38341346153846156 0.1346153846153846 0.12259615384615384
9 0.3701923076923077 0.21754807692307693 0.14903846153846154 0.12740384615384615
1 0.4723557692307692 0.3629807692307692 0.13221153846153846 0.1201923076923077
6 0.8125 0.2692307692307692 0.11538461538461539 0.125
9 0.33774038461538464 0.3473557692307692 0.14182692307692307 0.12740384615384615
1 0.7439903846153846 0.6322115384615384 0.07932692307692307 0.07692307692307693