1 0.41346153846153844 0.5973557692307693 0.07692307692307693 0.0889423076923077
0 0.3870192307692308 0.22596153846153846 0.11057692307692307 0.11057692307692307
3 0.7692307692307693 0.7127403846153846 0.07211538461538461 0.0985576923076923
1 0.48197115384615385 0.6826923076923077 0.07932692307692307 0.09134615384615384
7 0.5588942307692307 0.6105769230769231 0.07932692307692307 0.09615384615384616
1 0.34134615384615385 0.5901442307692307 0.08173076923076923 0.0985576923076923
0 0.7139423076923077 0.6262019230769231 0.07211538461538461 0.07451923076923077
3 0.4963942307692308 0.24158653846153846 0.10336538461538461 0.14182692307692307
2 0.36658653846153844 0.4831730769230769 0.12259615384615384 0.14903846153846154
5 0.48677884615384615 0.6045673076923077 0.07932692307692307 0.09375
9 0.5516826923076923 0.6875 0.07451923076923077 0.09615384615384616
9 0.3425480769230769 0.34975961538461536 0.11778846153846154 0.16105769230769232
4 0.40625 0.6778846153846154 0.07692307692307693 0.09615384615384616
4 0.6298076923076923 0.3798076923076923 0.11538461538461539 0.13942307692307693
1 0.47475961538461536 0.3605769230769231 0.11778846153846154 0.12980769230769232
5 0.6923076923076923 0.7043269230769231 0.07692307692307693 0.09615384615384616
7 0.7740384615384616 0.6298076923076923 0.07692307692307693 0.10096153846153846
5 0.7548076923076923 0.39302884615384615 0.11538461538461539 0.1466346153846154
9 0.7716346153846154 0.27283653846153844 0.11057692307692307 0.1466346153846154
9 0.6466346153846154 0.2548076923076923 0.11538461538461539 0.14903846153846154