1 0.328125 0.5721153846153846 0.07932692307692307 0.10096153846153846
0 0.5757211538461539 0.5985576923076923 0.07451923076923077 0.07211538461538461
0 0.7956730769230769 0.7007211538461539 0.0673076923076923 0.06971153846153846
0 0.3737980769230769 0.1935096153846154 0.11778846153846154 0.11298076923076923
0 0.49278846153846156 0.6742788461538461 0.0673076923076923 0.06971153846153846
0 0.5709134615384616 0.6826923076923077 0.06971153846153846 0.07211538461538461
7 0.7884615384615384 0.6165865384615384 0.07692307692307693 0.0985576923076923
2 0.34975961538461536 0.46153846153846156 0.13701923076923078 0.15865384615384615
3 0.7932692307692307 0.24278846153846154 0.11057692307692307 0.14423076923076922
4 0.3942307692307692 0.6658653846153846 0.08173076923076923 0.10096153846153846
8 0.7704326923076923 0.3701923076923077 0.12259615384615384 0.14903846153846154
6 0.41225961538461536 0.578125 0.08413461538461539 0.0889423076923077
0 0.7259615384615384 0.6129807692307693 0.07211538461538461 0.07211538461538461
6 0.48677884615384615 0.5865384615384616 0.08413461538461539 0.08653846153846154
1 0.46875 0.33533653846153844 0.1201923076923077 0.14182692307692307
5 0.4807692307692308 0.20552884615384615 0.1201923076923077 0.1466346153846154
4 0.6346153846153846 0.3545673076923077 0.125 0.14182692307692307
4 0.6550480769230769 0.22355769230769232 0.12740384615384615 0.14903846153846154
9 0.328125 0.31971153846153844 0.12740384615384615 0.16346153846153846
5 0.7019230769230769 0.6923076923076923 0.08173076923076923 0.10096153846153846