7 0.38822115384615385 0.5793269230769231 0.0985576923076923 0.07692307692307693
9 0.7211538461538461 0.609375 0.09134615384615384 0.06971153846153846
1 0.6526442307692307 0.6033653846153846 0.09375 0.07211538461538461
8 0.6983173076923077 0.6814903846153846 0.0889423076923077 0.06971153846153846
8 0.6322115384615384 0.6778846153846154 0.09615384615384616 0.07211538461538461
9 0.6790865384615384 0.23677884615384615 0.13221153846153846 0.11298076923076923
9 0.796875 0.24879807692307693 0.15144230769230768 0.11298076923076923
9 0.5060096153846154 0.6658653846153846 0.0985576923076923 0.07211538461538461
2 0.7608173076923077 0.3737980769230769 0.13221153846153846 0.10817307692307693
3 0.4362980769230769 0.6646634615384616 0.0889423076923077 0.06490384615384616
5 0.36177884615384615 0.6538461538461539 0.0985576923076923 0.07692307692307693
6 0.46274038461538464 0.5817307692307693 0.07932692307692307 0.07211538461538461
9 0.5252403846153846 0.5913461538461539 0.0985576923076923 0.07692307692307693
4 0.5264423076923077 0.21754807692307693 0.15384615384615385 0.12259615384615384
2 0.6418269230769231 0.36658653846153844 0.14423076923076922 0.12259615384615384
1 0.49038461538461536 0.3473557692307692 0.13942307692307693 0.11298076923076923
9 0.3629807692307692 0.33413461538461536 0.16826923076923078 0.1201923076923077
9 0.40384615384615385 0.20072115384615385 0.1875 0.12259615384615384
2 0.3581730769230769 0.4699519230769231 0.15865384615384615 0.12259615384615384