0 0.34975961538461536 0.578125 0.055288461538461536 0.07451923076923077
1 0.4807692307692308 0.5853365384615384 0.08653846153846154 0.07932692307692307
1 0.4074519230769231 0.5805288461538461 0.08413461538461539 0.07932692307692307
5 0.5516826923076923 0.5889423076923077 0.08413461538461539 0.08173076923076923
6 0.4795673076923077 0.6622596153846154 0.08413461538461539 0.08413461538461539
7 0.6887019230769231 0.6790865384615384 0.0889423076923077 0.07932692307692307
4 0.39783653846153844 0.6610576923076923 0.0889423076923077 0.08173076923076923
1 0.7704326923076923 0.6045673076923077 0.0889423076923077 0.08413461538461539
3 0.5492788461538461 0.671875 0.0889423076923077 0.07451923076923077
1 0.6947115384615384 0.5973557692307693 0.09134615384615384 0.07932692307692307
7 0.7536057692307693 0.2403846153846154 0.13221153846153846 0.11538461538461539
9 0.7620192307692307 0.6826923076923077 0.09134615384615384 0.08173076923076923
2 0.34975961538461536 0.4675480769230769 0.13701923076923078 0.12259615384615384
4 0.6262019230769231 0.23076923076923078 0.12740384615384615 0.1201923076923077
1 0.4579326923076923 0.3449519230769231 0.13221153846153846 0.11778846153846154
5 0.4675480769230769 0.21875 0.13701923076923078 0.1201923076923077
3 0.7487980769230769 0.3713942307692308 0.13701923076923078 0.10817307692307693
9 0.3449519230769231 0.2091346153846154 0.13701923076923078 0.11538461538461539
9 0.33533653846153844 0.33533653846153844 0.13221153846153846 0.11778846153846154
3 0.6262019230769231 0.3629807692307692 0.13701923076923078 0.11057692307692307