5 0.7536057692307693 0.3870192307692308 0.13701923076923078 0.1201923076923077
1 0.65625 0.6153846153846154 0.09134615384615384 0.07692307692307693
7 0.4387019230769231 0.6742788461538461 0.0889423076923077 0.07451923076923077
1 0.46033653846153844 0.5985576923076923 0.09375 0.07692307692307693
0 0.5853365384615384 0.6875 0.06971153846153846 0.0625
1 0.7235576923076923 0.6225961538461539 0.08653846153846154 0.07211538461538461
0 0.6706730769230769 0.3786057692307692 0.10576923076923077 0.10817307692307693
3 0.6370192307692307 0.6935096153846154 0.07692307692307693 0.06490384615384616
9 0.6983173076923077 0.6947115384615384 0.0889423076923077 0.07211538461538461
5 0.38822115384615385 0.5901442307692307 0.09375 0.07932692307692307
3 0.5300480769230769 0.6045673076923077 0.09375 0.06971153846153846
1 0.8052884615384616 0.25721153846153844 0.12980769230769232 0.125
0 0.4254807692307692 0.21875 0.09615384615384616 0.11057692307692307
2 0.32091346153846156 0.5841346153846154 0.0985576923076923 0.07692307692307693
6 0.37259615384615385 0.6670673076923077 0.08173076923076923 0.07451923076923077
9 0.5036057692307693 0.6802884615384616 0.0985576923076923 0.07692307692307693
7 0.5228365384615384 0.22235576923076922 0.17548076923076922 0.12259615384615384
1 0.4891826923076923 0.3545673076923077 0.14182692307692307 0.11778846153846154
2 0.6814903846153846 0.2403846153846154 0.13701923076923078 0.1201923076923077
2 0.359375 0.4807692307692308 0.16105769230769232 0.1201923076923077
9 0.3641826923076923 0.34134615384615385 0.17067307692307693 0.1201923076923077