8 0.8353365384615384 0.28846153846153844 0.12740384615384615 0.11057692307692307
0 0.49278846153846156 0.6658653846153846 0.057692307692307696 0.07692307692307693
7 0.7692307692307693 0.6394230769230769 0.07692307692307693 0.07692307692307693
9 0.4579326923076923 0.18870192307692307 0.14182692307692307 0.12259615384615384
4 0.42427884615384615 0.5673076923076923 0.0889423076923077 0.08173076923076923
0 0.71875 0.6298076923076923 0.057692307692307696 0.07211538461538461
3 0.7487980769230769 0.7151442307692307 0.07932692307692307 0.06971153846153846
8 0.546875 0.6754807692307693 0.0889423076923077 0.08173076923076923
9 0.5709134615384616 0.5973557692307693 0.0889423076923077 0.07932692307692307
0 0.8161057692307693 0.41586538461538464 0.0889423076923077 0.10576923076923077
4 0.40384615384615385 0.6490384615384616 0.09134615384615384 0.08653846153846154
5 0.5012019230769231 0.5829326923076923 0.08413461538461539 0.08413461538461539
3 0.7355769230769231 0.26802884615384615 0.1201923076923077 0.10817307692307693
4 0.6875 0.38100961538461536 0.12980769230769232 0.12259615384615384
5 0.6778846153846154 0.7007211538461539 0.08173076923076923 0.07932692307692307
1 0.5396634615384616 0.3389423076923077 0.13221153846153846 0.1201923076923077
2 0.5817307692307693 0.22235576923076922 0.12980769230769232 0.12259615384615384
2 0.4026442307692308 0.4483173076923077 0.1466346153846154 0.12740384615384615
9 0.41346153846153844 0.3088942307692308 0.14423076923076922 0.12259615384615384