0 0.4951923076923077 0.5889423076923077 0.0625 0.07692307692307693
0 0.49038461538461536 0.6694711538461539 0.0625 0.07451923076923077
4 0.5492788461538461 0.5913461538461539 0.07932692307692307 0.08173076923076923
0 0.35096153846153844 0.5805288461538461 0.057692307692307696 0.07451923076923077
6 0.5528846153846154 0.671875 0.07692307692307693 0.07932692307692307
1 0.7632211538461539 0.6862980769230769 0.0889423076923077 0.08413461538461539
8 0.6850961538461539 0.6814903846153846 0.09615384615384616 0.08413461538461539
1 0.6935096153846154 0.5997596153846154 0.0889423076923077 0.07932692307692307
2 0.4074519230769231 0.5829326923076923 0.07932692307692307 0.07932692307692307
1 0.45552884615384615 0.3449519230769231 0.13221153846153846 0.11778846153846154
1 0.7716346153846154 0.6057692307692307 0.08653846153846154 0.08173076923076923
5 0.39903846153846156 0.6622596153846154 0.09134615384615384 0.08413461538461539
5 0.7391826923076923 0.36778846153846156 0.13701923076923078 0.1201923076923077
1 0.6286057692307693 0.23317307692307693 0.13221153846153846 0.1201923076923077
2 0.34975961538461536 0.4699519230769231 0.13221153846153846 0.12259615384615384
6 0.7596153846153846 0.24158653846153846 0.11538461538461539 0.11778846153846154
6 0.47475961538461536 0.21875 0.11778846153846154 0.11538461538461539
9 0.33533653846153844 0.33774038461538464 0.13221153846153846 0.11778846153846154
2 0.6177884615384616 0.359375 0.12980769230769232 0.11778846153846154
9 0.34615384615384615 0.21033653846153846 0.13942307692307693 0.11778846153846154