0 0.35096153846153844 0.5757211538461539 0.057692307692307696 0.07451923076923077
6 0.4831730769230769 0.5805288461538461 0.08173076923076923 0.08413461538461539
0 0.6358173076923077 0.6754807692307693 0.06009615384615385 0.07692307692307693
4 0.4074519230769231 0.5793269230769231 0.08413461538461539 0.08173076923076923
3 0.5552884615384616 0.5901442307692307 0.08653846153846154 0.07451923076923077
1 0.546875 0.6706730769230769 0.0889423076923077 0.08173076923076923
4 0.7644230769230769 0.6850961538461539 0.09134615384615384 0.08653846153846154
2 0.35096153846153844 0.4639423076923077 0.13942307692307693 0.125
1 0.6947115384615384 0.5961538461538461 0.09134615384615384 0.08173076923076923
9 0.6935096153846154 0.6790865384615384 0.08413461538461539 0.08413461538461539
5 0.4699519230769231 0.6646634615384616 0.08413461538461539 0.08413461538461539
1 0.6177884615384616 0.35096153846153844 0.12980769230769232 0.1201923076923077
8 0.7475961538461539 0.3605769230769231 0.12980769230769232 0.1201923076923077
1 0.7716346153846154 0.6021634615384616 0.08653846153846154 0.08413461538461539
5 0.39783653846153844 0.6598557692307693 0.0889423076923077 0.08413461538461539
3 0.6334134615384616 0.2283653846153846 0.12740384615384615 0.11057692307692307
1 0.4579326923076923 0.33653846153846156 0.12740384615384615 0.1201923076923077
7 0.7512019230769231 0.234375 0.13701923076923078 0.12259615384615384
9 0.34615384615384615 0.20072115384615385 0.1346153846153846 0.11778846153846154
9 0.33413461538461536 0.3293269230769231 0.1346153846153846 0.1201923076923077
7 0.4699519230769231 0.21033653846153846 0.13701923076923078 0.12259615384615384