6 0.6935096153846154 0.6875 0.06971153846153846 0.08173076923076923
8 0.8088942307692307 0.26802884615384615 0.12259615384615384 0.11298076923076923
8 0.7692307692307693 0.625 0.07692307692307693 0.07692307692307693
4 0.41947115384615385 0.6514423076923077 0.07932692307692307 0.08173076923076923
0 0.38822115384615385 0.5649038461538461 0.06009615384615385 0.07692307692307693
2 0.43990384615384615 0.5721153846153846 0.07692307692307693 0.08173076923076923
8 0.5769230769230769 0.5913461538461539 0.08653846153846154 0.08173076923076923
0 0.7175480769230769 0.6153846153846154 0.055288461538461536 0.07211538461538461
9 0.5588942307692307 0.671875 0.08413461538461539 0.07932692307692307
3 0.49278846153846156 0.6634615384615384 0.07692307692307693 0.07692307692307693
4 0.5072115384615384 0.5829326923076923 0.08173076923076923 0.08413461538461539
9 0.7524038461538461 0.6995192307692307 0.08173076923076923 0.07692307692307693
0 0.8028846153846154 0.39783653846153844 0.08173076923076923 0.10336538461538461
7 0.5504807692307693 0.21514423076923078 0.1346153846153846 0.11778846153846154
1 0.5252403846153846 0.33774038461538464 0.12259615384615384 0.11778846153846154
1 0.6971153846153846 0.24519230769230768 0.12980769230769232 0.1201923076923077
4 0.6706730769230769 0.36899038461538464 0.1346153846153846 0.12740384615384615
3 0.4110576923076923 0.4567307692307692 0.13942307692307693 0.11538461538461539
9 0.43509615384615385 0.19230769230769232 0.13942307692307693 0.1201923076923077
9 0.4050480769230769 0.3173076923076923 0.13701923076923078 0.1201923076923077