5 0.41346153846153844 0.5841346153846154 0.08173076923076923 0.07692307692307693
0 0.5012019230769231 0.5901442307692307 0.06490384615384616 0.07451923076923077
0 0.3545673076923077 0.5817307692307693 0.055288461538461536 0.07211538461538461
0 0.5733173076923077 0.5949519230769231 0.06009615384615385 0.07451923076923077
8 0.5516826923076923 0.6730769230769231 0.0889423076923077 0.08653846153846154
1 0.6983173076923077 0.6021634615384616 0.0889423076923077 0.07932692307692307
8 0.6935096153846154 0.6838942307692307 0.09375 0.08413461538461539
1 0.4651442307692308 0.34375 0.13221153846153846 0.1201923076923077
6 0.7524038461538461 0.36538461538461536 0.12980769230769232 0.1201923076923077
8 0.7548076923076923 0.24158653846153846 0.1346153846153846 0.11778846153846154
9 0.47716346153846156 0.6682692307692307 0.0889423076923077 0.08173076923076923
9 0.7668269230769231 0.6875 0.09134615384615384 0.08653846153846154
1 0.7740384615384616 0.6081730769230769 0.08653846153846154 0.08173076923076923
5 0.40384615384615385 0.6634615384615384 0.08653846153846154 0.08173076923076923
4 0.6310096153846154 0.23197115384615385 0.12740384615384615 0.12259615384615384
7 0.4735576923076923 0.21634615384615385 0.12980769230769232 0.11538461538461539
9 0.35336538461538464 0.2091346153846154 0.1346153846153846 0.11538461538461539
2 0.36177884615384615 0.46875 0.13701923076923078 0.125
2 0.6286057692307693 0.3581730769230769 0.13221153846153846 0.1201923076923077
9 0.34134615384615385 0.33533653846153844 0.1346153846153846 0.11778846153846154