7 0.6923076923076923 0.6923076923076923 0.08653846153846154 0.08173076923076923
8 0.7680288461538461 0.6971153846153846 0.07932692307692307 0.08173076923076923
2 0.4026442307692308 0.59375 0.07932692307692307 0.08653846153846154
8 0.7836538461538461 0.6117788461538461 0.08173076923076923 0.0889423076923077
0 0.34615384615384615 0.5901442307692307 0.057692307692307696 0.07451923076923077
4 0.546875 0.6838942307692307 0.08413461538461539 0.08413461538461539
4 0.5552884615384616 0.5973557692307693 0.08173076923076923 0.0889423076923077
5 0.3918269230769231 0.6766826923076923 0.08653846153846154 0.08413461538461539
4 0.47115384615384615 0.5961538461538461 0.07692307692307693 0.08173076923076923
0 0.8016826923076923 0.23557692307692307 0.07932692307692307 0.11057692307692307
0 0.7223557692307693 0.6105769230769231 0.055288461538461536 0.07211538461538461
9 0.4723557692307692 0.6802884615384616 0.0889423076923077 0.08653846153846154
1 0.4639423076923077 0.3401442307692308 0.1346153846153846 0.12740384615384615
9 0.3425480769230769 0.19591346153846154 0.14182692307692307 0.12740384615384615
7 0.47716346153846156 0.20552884615384615 0.14182692307692307 0.13221153846153846
7 0.7584134615384616 0.36177884615384615 0.13701923076923078 0.12259615384615384
3 0.35216346153846156 0.47716346153846156 0.14182692307692307 0.11778846153846154
9 0.6478365384615384 0.21995192307692307 0.13701923076923078 0.12740384615384615
9 0.328125 0.3329326923076923 0.14182692307692307 0.12740384615384615
2 0.6322115384615384 0.35216346153846156 0.12980769230769232 0.12740384615384615