0 0.5384615384615384 0.59375 0.07211538461538461 0.0673076923076923
9 0.6838942307692307 0.2439903846153846 0.13701923076923078 0.11298076923076923
4 0.7620192307692307 0.38100961538461536 0.12980769230769232 0.10817307692307693
2 0.3918269230769231 0.5841346153846154 0.09134615384615384 0.07692307692307693
1 0.7247596153846154 0.6129807692307693 0.0889423076923077 0.0673076923076923
1 0.6586538461538461 0.6069711538461539 0.09134615384615384 0.06971153846153846
8 0.4362980769230769 0.6658653846153846 0.09375 0.07211538461538461
3 0.7055288461538461 0.6875 0.08413461538461539 0.0625
9 0.46033653846153844 0.5901442307692307 0.0985576923076923 0.07451923076923077
8 0.8028846153846154 0.25721153846153844 0.16346153846153846 0.11538461538461539
1 0.6442307692307693 0.3713942307692308 0.14903846153846154 0.11298076923076923
0 0.33653846153846156 0.5793269230769231 0.07211538461538461 0.0673076923076923
3 0.5084134615384616 0.6706730769230769 0.08413461538461539 0.0673076923076923
0 0.5877403846153846 0.6766826923076923 0.06971153846153846 0.06490384615384616
5 0.36658653846153844 0.6586538461538461 0.0985576923076923 0.07692307692307693
6 0.5444711538461539 0.22235576923076922 0.12740384615384615 0.11778846153846154
1 0.49158653846153844 0.35336538461538464 0.13701923076923078 0.11057692307692307
9 0.40384615384615385 0.2091346153846154 0.1346153846153846 0.1201923076923077
9 0.3605769230769231 0.3401442307692308 0.14423076923076922 0.11778846153846154
2 0.3605769230769231 0.47475961538461536 0.16346153846153846 0.12259615384615384
0 0.6526442307692307 0.6850961538461539 0.040865384615384616 0.057692307692307696