3 0.46153846153846156 0.6129807692307693 0.09615384615384616 0.07211538461538461
5 0.75 0.390625 0.12980769230769232 0.12259615384615384
3 0.6370192307692307 0.7079326923076923 0.08653846153846154 0.06490384615384616
0 0.7331730769230769 0.6358173076923077 0.0673076923076923 0.06490384615384616
9 0.6959134615384616 0.7103365384615384 0.0889423076923077 0.07451923076923077
0 0.5817307692307693 0.7019230769230769 0.07211538461538461 0.0673076923076923
0 0.6658653846153846 0.38221153846153844 0.09134615384615384 0.10096153846153846
1 0.5264423076923077 0.6153846153846154 0.09615384615384616 0.08173076923076923
7 0.4387019230769231 0.6887019230769231 0.0889423076923077 0.07451923076923077
1 0.6514423076923077 0.6286057692307693 0.09615384615384616 0.07451923076923077
9 0.5036057692307693 0.6947115384615384 0.0985576923076923 0.07692307692307693
3 0.6838942307692307 0.2512019230769231 0.11298076923076923 0.10336538461538461
3 0.7992788461538461 0.26802884615384615 0.14182692307692307 0.11298076923076923
6 0.3762019230769231 0.6814903846153846 0.07932692307692307 0.06971153846153846
4 0.5252403846153846 0.22716346153846154 0.15144230769230768 0.12740384615384615
9 0.3942307692307692 0.6033653846153846 0.09615384615384616 0.07692307692307693
0 0.4254807692307692 0.21995192307692307 0.10576923076923077 0.11778846153846154
2 0.32091346153846156 0.5985576923076923 0.10336538461538461 0.08173076923076923
1 0.49038461538461536 0.3605769230769231 0.13942307692307693 0.1201923076923077
2 0.36177884615384615 0.4891826923076923 0.16105769230769232 0.12259615384615384
9 0.36658653846153844 0.3485576923076923 0.1658653846153846 0.125