8 0.7139423076923077 0.41346153846153844 0.16826923076923078 0.14423076923076922
0 0.6862980769230769 0.7007211538461539 0.06009615384615385 0.0985576923076923
9 0.4675480769230769 0.6826923076923077 0.10336538461538461 0.10096153846153846
1 0.7536057692307693 0.8052884615384616 0.10336538461538461 0.10096153846153846
8 0.3641826923076923 0.6766826923076923 0.10817307692307693 0.10336538461538461
8 0.7596153846153846 0.7055288461538461 0.10576923076923077 0.10336538461538461
8 0.4579326923076923 0.7848557692307693 0.11298076923076923 0.10336538461538461
6 0.6610576923076923 0.796875 0.10096153846153846 0.10336538461538461
4 0.25240384615384615 0.7716346153846154 0.11057692307692307 0.10576923076923077
7 0.7223557692307693 0.26802884615384615 0.16105769230769232 0.14182692307692307
3 0.3641826923076923 0.7824519230769231 0.10817307692307693 0.0985576923076923
3 0.19591346153846154 0.53125 0.17548076923076922 0.1346153846153846
2 0.35096153846153844 0.2283653846153846 0.15865384615384615 0.14423076923076922
4 0.2620192307692308 0.6682692307692307 0.10576923076923077 0.10576923076923077
1 0.3329326923076923 0.3786057692307692 0.16105769230769232 0.1466346153846154
3 0.5516826923076923 0.4014423076923077 0.16105769230769232 0.14423076923076922
2 0.5612980769230769 0.25 0.15144230769230768 0.13942307692307693
9 0.18269230769230768 0.21153846153846154 0.1778846153846154 0.14423076923076922
9 0.16346153846153846 0.36177884615384615 0.1778846153846154 0.1466346153846154