1 0.5420673076923077 0.5997596153846154 0.0889423076923077 0.08413461538461539
0 0.7091346153846154 0.6201923076923077 0.0625 0.07692307692307693
8 0.7692307692307693 0.6274038461538461 0.08653846153846154 0.08173076923076923
1 0.46274038461538464 0.5901442307692307 0.08413461538461539 0.08413461538461539
6 0.7632211538461539 0.7079326923076923 0.07932692307692307 0.08413461538461539
3 0.3798076923076923 0.6706730769230769 0.08653846153846154 0.07692307692307693
7 0.5324519230769231 0.6814903846153846 0.0889423076923077 0.08413461538461539
8 0.45552884615384615 0.6754807692307693 0.0889423076923077 0.08173076923076923
4 0.6838942307692307 0.6995192307692307 0.08413461538461539 0.08653846153846154
0 0.6682692307692307 0.2548076923076923 0.08653846153846154 0.10576923076923077
3 0.3425480769230769 0.4699519230769231 0.1466346153846154 0.11298076923076923
2 0.45913461538461536 0.3485576923076923 0.1346153846153846 0.1201923076923077
2 0.7680288461538461 0.265625 0.13221153846153846 0.11778846153846154
5 0.38461538461538464 0.5829326923076923 0.08653846153846154 0.08413461538461539
2 0.7524038461538461 0.3870192307692308 0.1346153846153846 0.1201923076923077
9 0.6262019230769231 0.3701923076923077 0.13701923076923078 0.11538461538461539
3 0.48197115384615385 0.22355769230769232 0.12740384615384615 0.11057692307692307
9 0.3473557692307692 0.203125 0.1466346153846154 0.12259615384615384
9 0.32211538461538464 0.3293269230769231 0.14423076923076922 0.1201923076923077