1 0.3245192307692308 0.5793269230769231 0.08653846153846154 0.10576923076923077
1 0.46634615384615385 0.6766826923076923 0.08173076923076923 0.09375
1 0.5540865384615384 0.5997596153846154 0.07932692307692307 0.0985576923076923
1 0.4723557692307692 0.59375 0.08413461538461539 0.09615384615384616
0 0.36778846153846156 0.20192307692307693 0.11538461538461539 0.11057692307692307
3 0.7668269230769231 0.7079326923076923 0.07692307692307693 0.0985576923076923
1 0.5456730769230769 0.6826923076923077 0.08173076923076923 0.09615384615384616
6 0.40384615384615385 0.5853365384615384 0.08173076923076923 0.0889423076923077
0 0.7127403846153846 0.6189903846153846 0.07451923076923077 0.07451923076923077
7 0.7740384615384616 0.6237980769230769 0.07692307692307693 0.10336538461538461
1 0.46274038461538464 0.34134615384615385 0.11778846153846154 0.14423076923076922
2 0.34615384615384615 0.46875 0.125 0.15865384615384615
5 0.7548076923076923 0.375 0.1201923076923077 0.14903846153846154
4 0.38822115384615385 0.6706730769230769 0.08413461538461539 0.10096153846153846
4 0.6225961538461539 0.3605769230769231 0.125 0.14423076923076922
6 0.7800480769230769 0.24879807692307693 0.12259615384615384 0.13221153846153846
5 0.6911057692307693 0.6995192307692307 0.07932692307692307 0.10096153846153846
9 0.32211538461538464 0.3293269230769231 0.125 0.16346153846153846
2 0.6466346153846154 0.23317307692307693 0.125 0.15384615384615385
5 0.47475961538461536 0.2127403846153846 0.11778846153846154 0.1466346153846154