6 0.4014423076923077 0.5817307692307693 0.07211538461538461 0.08173076923076923
6 0.703125 0.6838942307692307 0.08413461538461539 0.08413461538461539
1 0.5516826923076923 0.5913461538461539 0.0889423076923077 0.08653846153846154
0 0.7956730769230769 0.6069711538461539 0.0625 0.08413461538461539
1 0.7007211538461539 0.6021634615384616 0.0889423076923077 0.08413461538461539
3 0.7752403846153846 0.6911057692307693 0.08413461538461539 0.07932692307692307
4 0.4651442307692308 0.6694711538461539 0.08413461538461539 0.08413461538461539
4 0.5432692307692307 0.6742788461538461 0.09134615384615384 0.0889423076923077
2 0.4735576923076923 0.5853365384615384 0.08653846153846154 0.0889423076923077
4 0.3870192307692308 0.6646634615384616 0.08173076923076923 0.08413461538461539
3 0.6165865384615384 0.3545673076923077 0.12740384615384615 0.11778846153846154
1 0.44591346153846156 0.33774038461538464 0.13221153846153846 0.12259615384615384
7 0.7451923076923077 0.359375 0.13942307692307693 0.12259615384615384
3 0.4651442307692308 0.21033653846153846 0.12740384615384615 0.11298076923076923
7 0.7512019230769231 0.234375 0.13701923076923078 0.12259615384615384
9 0.3245192307692308 0.1971153846153846 0.13942307692307693 0.125
2 0.6225961538461539 0.22235576923076922 0.1346153846153846 0.13221153846153846
9 0.3112980769230769 0.3269230769230769 0.13701923076923078 0.12980769230769232
2 0.33413461538461536 0.4651442307692308 0.13942307692307693 0.12740384615384615