0 0.6670673076923077 0.24278846153846154 0.08413461538461539 0.10096153846153846
0 0.3629807692307692 0.5793269230769231 0.057692307692307696 0.07692307692307693
5 0.4891826923076923 0.5853365384615384 0.0889423076923077 0.08413461538461539
4 0.5612980769230769 0.5889423076923077 0.08413461538461539 0.08173076923076923
0 0.5745192307692307 0.6742788461538461 0.07211538461538461 0.07932692307692307
5 0.4206730769230769 0.5817307692307693 0.08173076923076923 0.08173076923076923
2 0.7716346153846154 0.6875 0.08653846153846154 0.08653846153846154
8 0.6983173076923077 0.6802884615384616 0.09375 0.08173076923076923
1 0.7043269230769231 0.6021634615384616 0.08653846153846154 0.07932692307692307
1 0.4855769230769231 0.6658653846153846 0.08653846153846154 0.08173076923076923
4 0.7475961538461539 0.3701923076923077 0.1346153846153846 0.1201923076923077
8 0.4807692307692308 0.22355769230769232 0.12980769230769232 0.1201923076923077
5 0.40865384615384615 0.6622596153846154 0.09134615384615384 0.08413461538461539
1 0.7800480769230769 0.6081730769230769 0.0889423076923077 0.08173076923076923
5 0.7560096153846154 0.2439903846153846 0.13221153846153846 0.11778846153846154
9 0.34615384615384615 0.3389423076923077 0.1346153846153846 0.11538461538461539
2 0.36538461538461536 0.4675480769230769 0.13942307692307693 0.11778846153846154
1 0.47115384615384615 0.34615384615384615 0.125 0.11538461538461539
2 0.6286057692307693 0.359375 0.12740384615384615 0.11778846153846154
9 0.359375 0.2127403846153846 0.13701923076923078 0.11298076923076923