0 0.3485576923076923 0.5757211538461539 0.0625 0.07451923076923077
0 0.3762019230769231 0.21394230769230768 0.07932692307692307 0.10576923076923077
8 0.40865384615384615 0.5793269230769231 0.08173076923076923 0.07692307692307693
1 0.47836538461538464 0.5841346153846154 0.08173076923076923 0.07692307692307693
0 0.7007211538461539 0.6778846153846154 0.055288461538461536 0.07211538461538461
0 0.7740384615384616 0.6069711538461539 0.0625 0.06971153846153846
6 0.47836538461538464 0.6598557692307693 0.08173076923076923 0.0889423076923077
0 0.6286057692307693 0.6742788461538461 0.06490384615384616 0.07451923076923077
8 0.5420673076923077 0.6694711538461539 0.0889423076923077 0.08413461538461539
1 0.6887019230769231 0.5973557692307693 0.08413461538461539 0.07932692307692307
8 0.5480769230769231 0.5889423076923077 0.08173076923076923 0.07692307692307693
5 0.39903846153846156 0.6586538461538461 0.08653846153846154 0.08173076923076923
2 0.35697115384615385 0.4651442307692308 0.12740384615384615 0.12259615384615384
6 0.7439903846153846 0.3641826923076923 0.11298076923076923 0.11298076923076923
1 0.4579326923076923 0.3425480769230769 0.12740384615384615 0.11778846153846154
6 0.7512019230769231 0.2403846153846154 0.11778846153846154 0.1201923076923077
1 0.6141826923076923 0.3557692307692308 0.13221153846153846 0.1201923076923077
9 0.7548076923076923 0.6802884615384616 0.08653846153846154 0.08173076923076923
9 0.46875 0.21875 0.12980769230769232 0.11057692307692307
9 0.33774038461538464 0.33413461538461536 0.13221153846153846 0.11538461538461539
2 0.6262019230769231 0.23197115384615385 0.12740384615384615 0.11778846153846154