0 0.37259615384615385 0.21033653846153846 0.11538461538461539 0.11298076923076923
0 0.7752403846153846 0.7127403846153846 0.06971153846153846 0.06971153846153846
8 0.5528846153846154 0.6045673076923077 0.07692307692307693 0.09375
1 0.32572115384615385 0.5841346153846154 0.08413461538461539 0.10096153846153846
7 0.47596153846153844 0.5997596153846154 0.08173076923076923 0.0985576923076923
0 0.6550480769230769 0.3762019230769231 0.0985576923076923 0.0985576923076923
4 0.6418269230769231 0.2403846153846154 0.125 0.14423076923076922
7 0.7728365384615384 0.6286057692307693 0.07932692307692307 0.10336538461538461
6 0.47596153846153844 0.6802884615384616 0.07692307692307693 0.09134615384615384
1 0.4807692307692308 0.22115384615384615 0.11538461538461539 0.13942307692307693
7 0.7728365384615384 0.25841346153846156 0.11298076923076923 0.15144230769230768
9 0.4026442307692308 0.5913461538461539 0.07932692307692307 0.10096153846153846
3 0.39783653846153844 0.6766826923076923 0.06971153846153846 0.0985576923076923
2 0.35096153846153844 0.47475961538461536 0.12980769230769232 0.16105769230769232
0 0.7127403846153846 0.6237980769230769 0.06971153846153846 0.07451923076923077
2 0.46634615384615385 0.35096153846153844 0.125 0.13942307692307693
9 0.3317307692307692 0.33533653846153844 0.125 0.16105769230769232
9 0.7536057692307693 0.38341346153846156 0.12259615384615384 0.15625
4 0.6899038461538461 0.703125 0.08173076923076923 0.10336538461538461
6 0.5480769230769231 0.6862980769230769 0.07692307692307693 0.09375