9 0.5 0.6887019230769231 0.08173076923076923 0.08413461538461539
8 0.44350961538461536 0.6057692307692307 0.08413461538461539 0.08173076923076923
1 0.7355769230769231 0.6346153846153846 0.08173076923076923 0.07692307692307693
1 0.6586538461538461 0.6274038461538461 0.08653846153846154 0.08173076923076923
6 0.6466346153846154 0.7007211538461539 0.07211538461538461 0.07932692307692307
9 0.7139423076923077 0.7103365384615384 0.08173076923076923 0.07932692307692307
6 0.3762019230769231 0.5973557692307693 0.07451923076923077 0.07932692307692307
3 0.42908653846153844 0.6838942307692307 0.07451923076923077 0.06971153846153846
0 0.7800480769230769 0.4098557692307692 0.0889423076923077 0.10817307692307693
3 0.5192307692307693 0.6129807692307693 0.07692307692307693 0.07211538461538461
9 0.33052884615384615 0.35096153846153844 0.14182692307692307 0.125
4 0.3473557692307692 0.6706730769230769 0.07932692307692307 0.07692307692307693
1 0.3317307692307692 0.4855769230769231 0.1346153846153846 0.125
3 0.8016826923076923 0.28125 0.13221153846153846 0.11057692307692307
3 0.5036057692307693 0.24278846153846154 0.13701923076923078 0.11538461538461539
3 0.6706730769230769 0.2668269230769231 0.1346153846153846 0.11538461538461539
1 0.4639423076923077 0.36899038461538464 0.1346153846153846 0.12259615384615384
4 0.6286057692307693 0.3894230769230769 0.13701923076923078 0.125
9 0.3629807692307692 0.22235576923076922 0.14903846153846154 0.12740384615384615