0 0.4951923076923077 0.5901442307692307 0.0673076923076923 0.07451923076923077
0 0.3545673076923077 0.5817307692307693 0.06009615384615385 0.07692307692307693
0 0.38100961538461536 0.21394230769230768 0.08413461538461539 0.10576923076923077
7 0.41466346153846156 0.5841346153846154 0.0889423076923077 0.08173076923076923
3 0.5649038461538461 0.5949519230769231 0.08653846153846154 0.07451923076923077
0 0.7896634615384616 0.6105769230769231 0.06971153846153846 0.07692307692307693
8 0.6911057692307693 0.6826923076923077 0.09375 0.08173076923076923
3 0.7716346153846154 0.6887019230769231 0.09615384615384616 0.08413461538461539
1 0.47836538461538464 0.6670673076923077 0.08653846153846154 0.07932692307692307
1 0.7007211538461539 0.6021634615384616 0.09375 0.08413461538461539
4 0.7415865384615384 0.36899038461538464 0.13221153846153846 0.12259615384615384
1 0.6346153846153846 0.23076923076923078 0.1346153846153846 0.1201923076923077
2 0.5552884615384616 0.6730769230769231 0.08653846153846154 0.08173076923076923
1 0.4651442307692308 0.3425480769230769 0.12740384615384615 0.11778846153846154
5 0.4050480769230769 0.6634615384615384 0.0889423076923077 0.08173076923076923
2 0.36538461538461536 0.46875 0.12980769230769232 0.125
9 0.4735576923076923 0.21875 0.1346153846153846 0.11538461538461539
9 0.7560096153846154 0.24158653846153846 0.13221153846153846 0.11778846153846154
9 0.34134615384615385 0.33533653846153844 0.1346153846153846 0.11778846153846154
2 0.6262019230769231 0.35697115384615385 0.12740384615384615 0.11778846153846154