0 0.6442307692307693 0.6887019230769231 0.0673076923076923 0.06490384615384616
1 0.6514423076923077 0.6105769230769231 0.09615384615384616 0.07211538461538461
8 0.42908653846153844 0.671875 0.09375 0.07451923076923077
0 0.5853365384615384 0.6826923076923077 0.06971153846153846 0.0625
1 0.5024038461538461 0.6778846153846154 0.09134615384615384 0.07692307692307693
4 0.7572115384615384 0.3798076923076923 0.12980769230769232 0.11057692307692307
0 0.6971153846153846 0.24278846153846154 0.09134615384615384 0.10576923076923077
9 0.7175480769230769 0.6153846153846154 0.09375 0.07211538461538461
2 0.3858173076923077 0.5865384615384616 0.09375 0.07692307692307693
6 0.5288461538461539 0.5973557692307693 0.08653846153846154 0.07451923076923077
3 0.7019230769230769 0.6947115384615384 0.08653846153846154 0.0673076923076923
1 0.6358173076923077 0.3713942307692308 0.15144230769230768 0.11778846153846154
5 0.36177884615384615 0.6658653846153846 0.0985576923076923 0.07692307692307693
0 0.4230769230769231 0.21514423076923078 0.11538461538461539 0.11778846153846154
4 0.453125 0.5949519230769231 0.09375 0.07932692307692307
2 0.3161057692307692 0.5805288461538461 0.10336538461538461 0.07932692307692307
6 0.8100961538461539 0.2512019230769231 0.1201923076923077 0.11778846153846154
1 0.4855769230769231 0.35096153846153844 0.14423076923076922 0.11538461538461539
9 0.359375 0.33774038461538464 0.16105769230769232 0.11778846153846154
6 0.5384615384615384 0.21754807692307693 0.125 0.11778846153846154
2 0.3545673076923077 0.47475961538461536 0.1658653846153846 0.12259615384615384