0 0.5769230769230769 0.6911057692307693 0.0673076923076923 0.06490384615384616
1 0.6490384615384616 0.6189903846153846 0.09134615384615384 0.07451923076923077
6 0.6995192307692307 0.6971153846153846 0.07211538461538461 0.0673076923076923
3 0.7632211538461539 0.3894230769230769 0.11298076923076923 0.09134615384615384
2 0.4987980769230769 0.6850961538461539 0.09375 0.07692307692307693
6 0.38461538461538464 0.59375 0.08653846153846154 0.07692307692307693
6 0.36538461538461536 0.6706730769230769 0.07692307692307693 0.07211538461538461
0 0.6454326923076923 0.6959134615384616 0.06971153846153846 0.06490384615384616
9 0.7163461538461539 0.6213942307692307 0.09134615384615384 0.06971153846153846
4 0.45072115384615385 0.6009615384615384 0.0889423076923077 0.08173076923076923
3 0.5240384615384616 0.609375 0.10096153846153846 0.07451923076923077
8 0.7956730769230769 0.25600961538461536 0.15865384615384615 0.12740384615384615
9 0.43028846153846156 0.6790865384615384 0.09134615384615384 0.07451923076923077
2 0.3137019230769231 0.5901442307692307 0.10336538461538461 0.07932692307692307
0 0.4170673076923077 0.21514423076923078 0.10336538461538461 0.11778846153846154
1 0.6346153846153846 0.3737980769230769 0.15384615384615385 0.12259615384615384
9 0.6754807692307693 0.24158653846153846 0.1346153846153846 0.12259615384615384
8 0.5168269230769231 0.22235576923076922 0.18269230769230768 0.12740384615384615
1 0.4807692307692308 0.35336538461538464 0.14423076923076922 0.1201923076923077
9 0.35336538461538464 0.34134615384615385 0.16826923076923078 0.1201923076923077
2 0.35216346153846156 0.4807692307692308 0.16105769230769232 0.1201923076923077