8 0.4519230769230769 0.6105769230769231 0.08173076923076923 0.07692307692307693
9 0.7439903846153846 0.6370192307692307 0.0889423076923077 0.07692307692307693
7 0.5276442307692307 0.6165865384615384 0.08413461538461539 0.07932692307692307
7 0.3786057692307692 0.6009615384615384 0.0889423076923077 0.07692307692307693
4 0.3581730769230769 0.6754807692307693 0.08173076923076923 0.07692307692307693
4 0.5096153846153846 0.6911057692307693 0.08173076923076923 0.07932692307692307
0 0.7055288461538461 0.26802884615384615 0.07932692307692307 0.10817307692307693
6 0.6586538461538461 0.7043269230769231 0.07692307692307693 0.07692307692307693
4 0.43509615384615385 0.6838942307692307 0.08173076923076923 0.07932692307692307
1 0.671875 0.6310096153846154 0.09375 0.07932692307692307
3 0.7319711538461539 0.7139423076923077 0.07932692307692307 0.07211538461538461
7 0.7644230769230769 0.40384615384615385 0.13942307692307693 0.11538461538461539
1 0.47475961538461536 0.3713942307692308 0.13221153846153846 0.12259615384615384
1 0.3425480769230769 0.49038461538461536 0.13701923076923078 0.125
7 0.8028846153846154 0.2800480769230769 0.14423076923076922 0.12259615384615384
9 0.3401442307692308 0.3557692307692308 0.14182692307692307 0.125
4 0.5024038461538461 0.24158653846153846 0.1346153846153846 0.12740384615384615
9 0.37259615384615385 0.22596153846153846 0.14903846153846154 0.125
3 0.6430288461538461 0.39302884615384615 0.13221153846153846 0.10817307692307693