2 0.6262019230769231 0.7079326923076923 0.07932692307692307 0.07451923076923077
0 0.5805288461538461 0.7019230769230769 0.06971153846153846 0.0673076923076923
4 0.6862980769230769 0.7115384615384616 0.0889423076923077 0.07211538461538461
0 0.71875 0.6394230769230769 0.07211538461538461 0.0673076923076923
0 0.6622596153846154 0.38461538461538464 0.10336538461538461 0.10576923076923077
8 0.5204326923076923 0.6153846153846154 0.0889423076923077 0.07692307692307693
3 0.4987980769230769 0.6959134615384616 0.0889423076923077 0.06490384615384616
1 0.6442307692307693 0.6286057692307693 0.10576923076923077 0.07451923076923077
5 0.42788461538461536 0.6875 0.08173076923076923 0.07211538461538461
6 0.7584134615384616 0.390625 0.11298076923076923 0.10817307692307693
0 0.46274038461538464 0.6117788461538461 0.07451923076923077 0.06490384615384616
3 0.32211538461538464 0.6009615384615384 0.09615384615384616 0.0673076923076923
1 0.6694711538461539 0.24759615384615385 0.14182692307692307 0.125
6 0.36899038461538464 0.6790865384615384 0.07932692307692307 0.06971153846153846
9 0.38461538461538464 0.6033653846153846 0.09615384615384616 0.07211538461538461
1 0.40384615384615385 0.21394230769230768 0.14903846153846154 0.125
2 0.7932692307692307 0.25961538461538464 0.12980769230769232 0.125
1 0.48197115384615385 0.3629807692307692 0.14182692307692307 0.1201923076923077
9 0.5168269230769231 0.22716346153846154 0.15384615384615385 0.12259615384615384
2 0.3557692307692308 0.49158653846153844 0.15865384615384615 0.13221153846153846
9 0.359375 0.3473557692307692 0.15625 0.12259615384615384