1 0.6995192307692307 0.6117788461538461 0.08173076923076923 0.0985576923076923
2 0.47716346153846156 0.6730769230769231 0.07932692307692307 0.09134615384615384
8 0.765625 0.703125 0.07932692307692307 0.0985576923076923
1 0.33413461538461536 0.5757211538461539 0.08173076923076923 0.10336538461538461
0 0.7944711538461539 0.25721153846153844 0.0985576923076923 0.10576923076923077
2 0.5588942307692307 0.5961538461538461 0.07932692307692307 0.09615384615384616
5 0.6923076923076923 0.6959134615384616 0.07692307692307693 0.0985576923076923
4 0.4098557692307692 0.5841346153846154 0.07932692307692307 0.09615384615384616
0 0.3798076923076923 0.20432692307692307 0.11538461538461539 0.11057692307692307
4 0.6274038461538461 0.36177884615384615 0.1201923076923077 0.14182692307692307
6 0.5540865384615384 0.6778846153846154 0.07932692307692307 0.09134615384615384
2 0.3581730769230769 0.4675480769230769 0.125 0.15625
4 0.40024038461538464 0.6682692307692307 0.08413461538461539 0.10096153846153846
2 0.48197115384615385 0.5901442307692307 0.07932692307692307 0.09375
4 0.484375 0.21514423076923078 0.11298076923076923 0.14182692307692307
9 0.33653846153846156 0.33052884615384615 0.125 0.1658653846153846
1 0.7572115384615384 0.3737980769230769 0.11538461538461539 0.13701923076923078
2 0.6526442307692307 0.234375 0.12259615384615384 0.1466346153846154
1 0.4699519230769231 0.34134615384615385 0.11778846153846154 0.13942307692307693
9 0.7776442307692307 0.6201923076923077 0.07932692307692307 0.10096153846153846