5 0.6911057692307693 0.6947115384615384 0.07932692307692307 0.10096153846153846
8 0.7620192307692307 0.703125 0.07692307692307693 0.09375
1 0.328125 0.5745192307692307 0.07932692307692307 0.10096153846153846
8 0.4795673076923077 0.5913461538461539 0.07932692307692307 0.09134615384615384
0 0.4206730769230769 0.5865384615384616 0.07211538461538461 0.07692307692307693
0 0.7151442307692307 0.6153846153846154 0.07451923076923077 0.07211538461538461
8 0.7776442307692307 0.6201923076923077 0.07451923076923077 0.09615384615384616
3 0.5564903846153846 0.5997596153846154 0.07451923076923077 0.09375
0 0.37740384615384615 0.203125 0.1201923076923077 0.11298076923076923
2 0.4723557692307692 0.6730769230769231 0.08413461538461539 0.09134615384615384
4 0.3942307692307692 0.6682692307692307 0.08173076923076923 0.10096153846153846
2 0.35336538461538464 0.4675480769230769 0.125 0.15625
5 0.5432692307692307 0.6802884615384616 0.07692307692307693 0.09615384615384616
1 0.4651442307692308 0.3401442307692308 0.12259615384615384 0.14182692307692307
3 0.7776442307692307 0.2536057692307692 0.10817307692307693 0.14182692307692307
4 0.6237980769230769 0.359375 0.12259615384615384 0.14182692307692307
1 0.7560096153846154 0.37259615384615385 0.11778846153846154 0.1346153846153846
2 0.4831730769230769 0.2127403846153846 0.1201923076923077 0.14182692307692307
9 0.328125 0.3269230769230769 0.12259615384615384 0.15865384615384615
2 0.6478365384615384 0.23317307692307693 0.12259615384615384 0.14903846153846154