8 0.7644230769230769 0.7115384615384616 0.10096153846153846 0.09615384615384616
0 0.6935096153846154 0.7067307692307693 0.06971153846153846 0.09134615384615384
6 0.6742788461538461 0.8016826923076923 0.0985576923076923 0.10336538461538461
0 0.7788461538461539 0.8125 0.0673076923076923 0.09134615384615384
3 0.30649038461538464 0.6730769230769231 0.10336538461538461 0.09134615384615384
8 0.39783653846153844 0.6802884615384616 0.0985576923076923 0.09615384615384616
4 0.2920673076923077 0.7740384615384616 0.10336538461538461 0.10096153846153846
3 0.39302884615384615 0.7824519230769231 0.0985576923076923 0.09375
4 0.4831730769230769 0.7860576923076923 0.10096153846153846 0.10096153846153846
8 0.49158653846153844 0.6862980769230769 0.10336538461538461 0.0985576923076923
3 0.23918269230769232 0.5348557692307693 0.17067307692307693 0.12740384615384615
1 0.3737980769230769 0.38341346153846156 0.15625 0.14182692307692307
4 0.5685096153846154 0.4074519230769231 0.1466346153846154 0.14182692307692307
9 0.5829326923076923 0.2608173076923077 0.15144230769230768 0.13221153846153846
3 0.7391826923076923 0.2824519230769231 0.14182692307692307 0.12740384615384615
2 0.3858173076923077 0.23798076923076922 0.1466346153846154 0.13942307692307693
9 0.7235576923076923 0.421875 0.15384615384615385 0.14182692307692307
9 0.234375 0.21995192307692307 0.1658653846153846 0.13701923076923078
9 0.21514423076923078 0.36778846153846156 0.1658653846153846 0.13942307692307693