6 0.6790865384615384 0.8088942307692307 0.09375 0.10336538461538461
8 0.49158653846153844 0.7944711538461539 0.10336538461538461 0.10336538461538461
0 0.7884615384615384 0.7211538461538461 0.07211538461538461 0.09134615384615384
7 0.4951923076923077 0.6887019230769231 0.09615384615384616 0.0985576923076923
3 0.4050480769230769 0.6862980769230769 0.0985576923076923 0.09375
1 0.6778846153846154 0.7079326923076923 0.10576923076923077 0.10336538461538461
3 0.3161057692307692 0.6790865384615384 0.10817307692307693 0.09375
4 0.29927884615384615 0.7776442307692307 0.10336538461538461 0.10336538461538461
4 0.7668269230769231 0.8197115384615384 0.10096153846153846 0.10576923076923077
4 0.3942307692307692 0.7860576923076923 0.10096153846153846 0.10096153846153846
1 0.38100961538461536 0.38100961538461536 0.15625 0.1466346153846154
1 0.39663461538461536 0.22716346153846154 0.15384615384615385 0.14182692307692307
3 0.24759615384615385 0.5348557692307693 0.16826923076923078 0.13701923076923078
3 0.5877403846153846 0.4074519230769231 0.16105769230769232 0.13221153846153846
3 0.5997596153846154 0.2620192307692308 0.15144230769230768 0.12980769230769232
6 0.7487980769230769 0.27163461538461536 0.13701923076923078 0.1346153846153846
9 0.24158653846153846 0.2091346153846154 0.16105769230769232 0.13942307692307693
6 0.7451923076923077 0.41947115384615385 0.1346153846153846 0.14182692307692307
9 0.22235576923076922 0.3629807692307692 0.1658653846153846 0.14423076923076922