1 0.7055288461538461 0.6790865384615384 0.0985576923076923 0.0985576923076923
9 0.4639423076923077 0.7487980769230769 0.10096153846153846 0.09375
2 0.7860576923076923 0.6862980769230769 0.09134615384615384 0.09375
4 0.5420673076923077 0.7584134615384616 0.08413461538461539 0.0985576923076923
9 0.7800480769230769 0.7824519230769231 0.0985576923076923 0.0985576923076923
7 0.765625 0.2704326923076923 0.12740384615384615 0.12740384615384615
1 0.4675480769230769 0.22716346153846154 0.13221153846153846 0.13221153846153846
5 0.6995192307692307 0.7740384615384616 0.09134615384615384 0.09615384615384616
7 0.5504807692307693 0.6598557692307693 0.09134615384615384 0.09375
4 0.3798076923076923 0.7415865384615384 0.09134615384615384 0.0985576923076923
7 0.46875 0.6514423076923077 0.09134615384615384 0.09134615384615384
3 0.3389423076923077 0.5132211538461539 0.14903846153846154 0.12740384615384615
2 0.3894230769230769 0.6442307692307693 0.09134615384615384 0.09615384615384616
1 0.6358173076923077 0.25 0.13701923076923078 0.1346153846153846
9 0.33413461538461536 0.21153846153846154 0.13942307692307693 0.1346153846153846
9 0.625 0.390625 0.1346153846153846 0.13221153846153846
2 0.4543269230769231 0.3713942307692308 0.12980769230769232 0.13701923076923078
9 0.31971153846153844 0.35336538461538464 0.14903846153846154 0.13942307692307693
9 0.7548076923076923 0.40865384615384615 0.14423076923076922 0.1346153846153846