6 0.3858173076923077 0.59375 0.07451923076923077 0.07692307692307693
6 0.6574519230769231 0.6971153846153846 0.07451923076923077 0.08173076923076923
0 0.31850961538461536 0.5901442307692307 0.06009615384615385 0.07451923076923077
3 0.453125 0.6045673076923077 0.08413461538461539 0.07451923076923077
6 0.7295673076923077 0.7043269230769231 0.07451923076923077 0.07692307692307693
1 0.5276442307692307 0.6105769230769231 0.08413461538461539 0.07692307692307693
1 0.6646634615384616 0.6225961538461539 0.08413461538461539 0.07692307692307693
4 0.3545673076923077 0.671875 0.07932692307692307 0.07932692307692307
5 0.42908653846153844 0.6778846153846154 0.07932692307692307 0.08173076923076923
3 0.5096153846153846 0.6862980769230769 0.08173076923076923 0.06971153846153846
1 0.33653846153846156 0.484375 0.1346153846153846 0.12259615384615384
8 0.7992788461538461 0.27403846153846156 0.13701923076923078 0.125
5 0.7596153846153846 0.39903846153846156 0.1346153846153846 0.1201923076923077
8 0.5024038461538461 0.23557692307692307 0.14423076923076922 0.12980769230769232
1 0.4699519230769231 0.3641826923076923 0.13701923076923078 0.12259615384615384
3 0.640625 0.38461538461538464 0.12259615384615384 0.10576923076923077
9 0.33533653846153844 0.3485576923076923 0.14182692307692307 0.125
1 0.7415865384615384 0.6298076923076923 0.08413461538461539 0.07692307692307693
4 0.6646634615384616 0.25721153846153844 0.12740384615384615 0.125
9 0.36658653846153844 0.21875 0.15144230769230768 0.125