6 0.6995192307692307 0.6899038461538461 0.08173076923076923 0.08173076923076923
0 0.7175480769230769 0.6141826923076923 0.06490384615384616 0.07451923076923077
6 0.5697115384615384 0.5949519230769231 0.08173076923076923 0.08413461538461539
2 0.4891826923076923 0.5841346153846154 0.0889423076923077 0.08173076923076923
4 0.41466346153846156 0.5769230769230769 0.0889423076923077 0.08173076923076923
7 0.7752403846153846 0.6201923076923077 0.08413461538461539 0.07692307692307693
8 0.5516826923076923 0.6742788461538461 0.0889423076923077 0.08413461538461539
4 0.47475961538461536 0.6658653846153846 0.08413461538461539 0.08173076923076923
4 0.4026442307692308 0.6574519230769231 0.0889423076923077 0.08413461538461539
4 0.7632211538461539 0.7007211538461539 0.07932692307692307 0.07932692307692307
6 0.7764423076923077 0.38341346153846156 0.11057692307692307 0.11778846153846154
9 0.6634615384615384 0.24278846153846154 0.1346153846153846 0.1201923076923077
9 0.359375 0.32211538461538464 0.14182692307692307 0.11538461538461539
2 0.7788461538461539 0.25961538461538464 0.12980769230769232 0.11538461538461539
1 0.4855769230769231 0.34134615384615385 0.12980769230769232 0.1201923076923077
3 0.6478365384615384 0.36778846153846156 0.13701923076923078 0.11057692307692307
9 0.38221153846153844 0.19951923076923078 0.14423076923076922 0.1201923076923077
2 0.3701923076923077 0.46153846153846156 0.14903846153846154 0.125
2 0.5060096153846154 0.21875 0.13701923076923078 0.1201923076923077