8 0.5733173076923077 0.6009615384615384 0.07932692307692307 0.08173076923076923
0 0.5168269230769231 0.59375 0.057692307692307696 0.07211538461538461
1 0.7127403846153846 0.6165865384615384 0.08413461538461539 0.07932692307692307
0 0.7956730769230769 0.6274038461538461 0.0625 0.07211538461538461
0 0.375 0.5793269230769231 0.0625 0.07692307692307693
0 0.6442307692307693 0.6887019230769231 0.052884615384615384 0.06971153846153846
6 0.4362980769230769 0.5817307692307693 0.07451923076923077 0.08173076923076923
4 0.484375 0.6730769230769231 0.07932692307692307 0.08173076923076923
2 0.765625 0.7043269230769231 0.08413461538461539 0.08653846153846154
4 0.5564903846153846 0.6814903846153846 0.08413461538461539 0.08413461538461539
5 0.4098557692307692 0.6658653846153846 0.08413461538461539 0.08653846153846154
9 0.6995192307692307 0.6959134615384616 0.08173076923076923 0.08413461538461539
8 0.5348557692307693 0.21514423076923078 0.13701923076923078 0.12259615384615384
2 0.3858173076923077 0.46634615384615385 0.1466346153846154 0.12980769230769232
9 0.7824519230769231 0.38221153846153844 0.13701923076923078 0.1201923076923077
2 0.8052884615384616 0.25600961538461536 0.125 0.12259615384615384
9 0.3798076923076923 0.3245192307692308 0.13942307692307693 0.125
9 0.4098557692307692 0.1971153846153846 0.14182692307692307 0.125
2 0.6887019230769231 0.2403846153846154 0.13221153846153846 0.125
1 0.5084134615384616 0.3425480769230769 0.12740384615384615 0.12259615384615384
2 0.6658653846153846 0.36538461538461536 0.125 0.125