8 0.7668269230769231 0.6334134615384616 0.07692307692307693 0.09375
7 0.7536057692307693 0.7139423076923077 0.07932692307692307 0.09615384615384616
1 0.33413461538461536 0.5877403846153846 0.08173076923076923 0.0985576923076923
0 0.3798076923076923 0.21514423076923078 0.11538461538461539 0.11298076923076923
1 0.7475961538461539 0.3858173076923077 0.11538461538461539 0.13221153846153846
4 0.4098557692307692 0.5961538461538461 0.08413461538461539 0.09615384615384616
0 0.7067307692307693 0.6274038461538461 0.07211538461538461 0.07692307692307693
0 0.5673076923076923 0.6141826923076923 0.07211538461538461 0.06971153846153846
2 0.4723557692307692 0.6862980769230769 0.07932692307692307 0.0889423076923077
3 0.7680288461538461 0.26322115384615385 0.10817307692307693 0.1466346153846154
3 0.6478365384615384 0.24759615384615385 0.10817307692307693 0.13942307692307693
6 0.48197115384615385 0.6009615384615384 0.08413461538461539 0.08653846153846154
2 0.3629807692307692 0.47716346153846156 0.125 0.15144230769230768
1 0.4675480769230769 0.35216346153846156 0.11778846153846154 0.13221153846153846
4 0.39903846153846156 0.6790865384615384 0.08173076923076923 0.0985576923076923
4 0.5432692307692307 0.6935096153846154 0.08173076923076923 0.0985576923076923
4 0.6189903846153846 0.37259615384615385 0.11778846153846154 0.1346153846153846
4 0.4831730769230769 0.22235576923076922 0.1201923076923077 0.14182692307692307
9 0.33774038461538464 0.3389423076923077 0.12259615384615384 0.15865384615384615
5 0.6838942307692307 0.7067307692307693 0.07932692307692307 0.09615384615384616