8 0.38461538461538464 0.5961538461538461 0.09615384615384616 0.07692307692307693
0 0.5853365384615384 0.6899038461538461 0.06971153846153846 0.0625
0 0.7427884615384616 0.6237980769230769 0.07211538461538461 0.06490384615384616
4 0.4543269230769231 0.6021634615384616 0.09615384615384616 0.07932692307692307
7 0.7584134615384616 0.38341346153846156 0.1466346153846154 0.12259615384615384
1 0.6586538461538461 0.6177884615384616 0.09615384615384616 0.07211538461538461
9 0.6382211538461539 0.6947115384615384 0.0889423076923077 0.07211538461538461
8 0.5240384615384616 0.6057692307692307 0.09615384615384616 0.07692307692307693
7 0.8064903846153846 0.2536057692307692 0.1658653846153846 0.12740384615384615
6 0.7055288461538461 0.6983173076923077 0.08413461538461539 0.07451923076923077
5 0.43028846153846156 0.6802884615384616 0.09134615384615384 0.07692307692307693
8 0.5012019230769231 0.6850961538461539 0.0985576923076923 0.07692307692307693
0 0.4206730769230769 0.2127403846153846 0.10096153846153846 0.11298076923076923
0 0.33052884615384615 0.5901442307692307 0.07451923076923077 0.06971153846153846
5 0.36177884615384615 0.6742788461538461 0.0985576923076923 0.07932692307692307
1 0.6850961538461539 0.23918269230769232 0.14903846153846154 0.12259615384615384
1 0.6430288461538461 0.37259615384615385 0.14182692307692307 0.11538461538461539
9 0.5216346153846154 0.22115384615384615 0.1778846153846154 0.125
1 0.4879807692307692 0.35336538461538464 0.14423076923076922 0.1201923076923077
9 0.3581730769230769 0.34134615384615385 0.17307692307692307 0.125
2 0.3545673076923077 0.4807692307692308 0.17067307692307693 0.125