7 0.5240384615384616 0.7199519230769231 0.08653846153846154 0.09375
1 0.45552884615384615 0.7139423076923077 0.08413461538461539 0.09134615384615384
8 0.75 0.6514423076923077 0.07692307692307693 0.08653846153846154
2 0.6622596153846154 0.7319711538461539 0.08413461538461539 0.09375
6 0.7427884615384616 0.7391826923076923 0.08173076923076923 0.09375
0 0.41225961538461536 0.6177884615384616 0.06009615384615385 0.07692307692307693
0 0.7800480769230769 0.3918269230769231 0.06971153846153846 0.10576923076923077
8 0.4675480769230769 0.6237980769230769 0.07932692307692307 0.0889423076923077
1 0.5396634615384616 0.6298076923076923 0.08413461538461539 0.09615384615384616
1 0.6538461538461539 0.23197115384615385 0.12980769230769232 0.13701923076923078
3 0.3786057692307692 0.7091346153846154 0.08413461538461539 0.08653846153846154
0 0.6947115384615384 0.6454326923076923 0.0625 0.08413461538461539
0 0.5288461538461539 0.21754807692307693 0.07211538461538461 0.11298076923076923
0 0.8028846153846154 0.25841346153846156 0.07692307692307693 0.10817307692307693
2 0.6370192307692307 0.3737980769230769 0.12980769230769232 0.13701923076923078
2 0.35096153846153844 0.48677884615384615 0.14903846153846154 0.1466346153846154
2 0.4735576923076923 0.35216346153846156 0.125 0.13701923076923078
9 0.3737980769230769 0.1971153846153846 0.13701923076923078 0.13942307692307693
9 0.34615384615384615 0.33774038461538464 0.13942307692307693 0.13701923076923078