       0/9        0G    0.1088    0.0873   0.06379    0.2599        51       416         0         0         0         0   0.07652   0.02697   0.04166
       1/9        0G    0.1223   0.05249   0.07208    0.2469        45       416         0         0         0         0    0.0765   0.02699   0.04166
       2/9        0G    0.1098   0.06749   0.06406    0.2413        50       416         0         0         0         0   0.07648   0.02701   0.04165
       3/9        0G    0.1163     0.071    0.0637     0.251        55       416         0         0         0         0   0.07643   0.02705   0.04165
       4/9        0G    0.1093   0.09265   0.06355    0.2655        60       416         0         0         0         0   0.07639   0.02708   0.04164
       5/9        0G    0.1085   0.08752    0.0632    0.2593        53       416         0         0         0         0   0.07635   0.02711   0.04164
       6/9        0G    0.1066   0.07173   0.06374    0.2421        45       416         0         0         0         0   0.07631   0.02714   0.04163
       7/9        0G    0.1091   0.08098   0.06406    0.2541        51       416         0         0         0         0   0.07627   0.02717   0.04163
       8/9        0G    0.1052   0.08232   0.06302    0.2505        47       416         0         0         0         0   0.07625   0.02719   0.04163
       9/9        0G    0.1131   0.09608    0.0639    0.2731        67       416         0         0         0         0    0.0762   0.02723   0.04162
