       0/9        0G     0.103   0.02677   0.06441    0.1942        13       416         0         0         0         0   0.07915   0.02544   0.04171
       1/9        0G    0.1109   0.04303   0.06336    0.2173        27       416         0         0         0         0   0.07915   0.02546   0.04171
       2/9        0G    0.1099   0.04741   0.06385    0.2211        37       416         0         0         0         0   0.07914   0.02548   0.04171
       3/9        0G    0.1111   0.05036   0.06327    0.2247        37       416         0         0         0         0   0.07912   0.02552   0.04171
       4/9        0G    0.1108    0.0348   0.06321    0.2089        27       416         0         0         0         0   0.07911   0.02555   0.04171
       5/9        0G    0.1061   0.04503   0.06303    0.2142        31       416         0         0         0         0   0.07908    0.0256   0.04171
       6/9        0G    0.1027   0.04578   0.06397    0.2124        25       416         0         0         0         0   0.07906   0.02564   0.04171
       7/9        0G     0.106   0.04171    0.0631    0.2108        26       416         0         0         0         0   0.07904   0.02568   0.04171
       8/9        0G    0.1108   0.03014   0.06454    0.2054        15       416         0         0         0         0   0.07906   0.02567   0.04171
       9/9        0G    0.1016   0.03553   0.06321    0.2004        19       416         0         0         0         0   0.07903   0.02572   0.04171
