6 0.5540865384615384 0.7199519230769231 0.07451923076923077 0.09375
3 0.5408653846153846 0.23197115384615385 0.125 0.11298076923076923
8 0.49158653846153844 0.6189903846153846 0.08413461538461539 0.08413461538461539
0 0.7199519230769231 0.6622596153846154 0.055288461538461536 0.07451923076923077
6 0.6923076923076923 0.7415865384615384 0.07211538461538461 0.08413461538461539
4 0.7584134615384616 0.7560096153846154 0.07451923076923077 0.07932692307692307
2 0.4182692307692308 0.6057692307692307 0.08173076923076923 0.08653846153846154
4 0.6875 0.265625 0.12980769230769232 0.12259615384615384
0 0.4423076923076923 0.20793269230769232 0.08173076923076923 0.10817307692307693
6 0.7776442307692307 0.6706730769230769 0.06971153846153846 0.07692307692307693
4 0.47115384615384615 0.7079326923076923 0.08173076923076923 0.0889423076923077
4 0.5637019230769231 0.6298076923076923 0.07932692307692307 0.08653846153846154
4 0.3942307692307692 0.6959134615384616 0.08653846153846154 0.0889423076923077
9 0.38100961538461536 0.328125 0.13701923076923078 0.12259615384615384
1 0.3425480769230769 0.5901442307692307 0.09375 0.0889423076923077
6 0.7896634615384616 0.4182692307692308 0.10336538461538461 0.125
3 0.39302884615384615 0.48197115384615385 0.13221153846153846 0.11778846153846154
3 0.6682692307692307 0.3954326923076923 0.125 0.11298076923076923
1 0.5084134615384616 0.35697115384615385 0.12740384615384615 0.12259615384615384
4 0.8004807692307693 0.2932692307692308 0.1201923076923077 0.1201923076923077