5 0.7824519230769231 0.24879807692307693 0.12259615384615384 0.1466346153846154
1 0.47596153846153844 0.6766826923076923 0.08173076923076923 0.0889423076923077
3 0.4855769230769231 0.5973557692307693 0.07211538461538461 0.09375
1 0.33413461538461536 0.5805288461538461 0.08653846153846154 0.10336538461538461
3 0.7704326923076923 0.3798076923076923 0.11298076923076923 0.14903846153846154
8 0.7836538461538461 0.6213942307692307 0.07692307692307693 0.09375
7 0.5516826923076923 0.6838942307692307 0.07932692307692307 0.0985576923076923
7 0.5612980769230769 0.5997596153846154 0.07932692307692307 0.0985576923076923
0 0.38100961538461536 0.20192307692307693 0.11298076923076923 0.11057692307692307
3 0.6574519230769231 0.23677884615384615 0.11298076923076923 0.13701923076923078
6 0.41586538461538464 0.5853365384615384 0.08173076923076923 0.0889423076923077
4 0.39663461538461536 0.671875 0.08173076923076923 0.0985576923076923
4 0.6346153846153846 0.3629807692307692 0.1201923076923077 0.14423076923076922
5 0.7704326923076923 0.7055288461538461 0.07932692307692307 0.0985576923076923
2 0.3581730769230769 0.46875 0.125 0.15384615384615385
5 0.484375 0.2127403846153846 0.12259615384615384 0.15144230769230768
5 0.6995192307692307 0.6983173076923077 0.08173076923076923 0.0985576923076923
9 0.33413461538461536 0.328125 0.125 0.1658653846153846
1 0.47115384615384615 0.34134615384615385 0.1201923076923077 0.13942307692307693
0 0.7211538461538461 0.6177884615384616 0.07211538461538461 0.07211538461538461