9 0.5576923076923077 0.5985576923076923 0.08173076923076923 0.10096153846153846
1 0.33052884615384615 0.578125 0.08413461538461539 0.10336538461538461
0 0.37740384615384615 0.203125 0.11538461538461539 0.10817307692307693
7 0.7716346153846154 0.7019230769230769 0.07692307692307693 0.10096153846153846
2 0.47596153846153844 0.6730769230769231 0.07692307692307693 0.09134615384615384
6 0.4098557692307692 0.5817307692307693 0.08413461538461539 0.09134615384615384
5 0.4795673076923077 0.5925480769230769 0.08413461538461539 0.0985576923076923
3 0.5540865384615384 0.6838942307692307 0.07451923076923077 0.10336538461538461
5 0.4807692307692308 0.2127403846153846 0.11538461538461539 0.1466346153846154
4 0.6334134615384616 0.36177884615384615 0.12259615384615384 0.1466346153846154
4 0.6514423076923077 0.23317307692307693 0.125 0.14903846153846154
7 0.7824519230769231 0.6189903846153846 0.07932692307692307 0.10336538461538461
0 0.7211538461538461 0.6153846153846154 0.07211538461538461 0.07211538461538461
2 0.3557692307692308 0.4675480769230769 0.125 0.15625
4 0.39663461538461536 0.6682692307692307 0.08173076923076923 0.10096153846153846
9 0.3317307692307692 0.328125 0.125 0.16105769230769232
1 0.46875 0.34134615384615385 0.1201923076923077 0.14423076923076922
9 0.7788461538461539 0.24759615384615385 0.11538461538461539 0.14903846153846154
2 0.7632211538461539 0.3737980769230769 0.12259615384615384 0.15144230769230768
5 0.6995192307692307 0.6947115384615384 0.08173076923076923 0.10096153846153846