0 0.7836538461538461 0.38100961538461536 0.10576923076923077 0.09375
1 0.6959134615384616 0.6899038461538461 0.08413461538461539 0.07211538461538461
9 0.5216346153846154 0.5973557692307693 0.09134615384615384 0.07451923076923077
9 0.6334134615384616 0.6850961538461539 0.0889423076923077 0.07211538461538461
1 0.6514423076923077 0.6105769230769231 0.09134615384615384 0.07211538461538461
2 0.4987980769230769 0.6766826923076923 0.0889423076923077 0.07451923076923077
4 0.37740384615384615 0.5877403846153846 0.09134615384615384 0.07451923076923077
1 0.7199519230769231 0.6165865384615384 0.0889423076923077 0.06971153846153846
4 0.4266826923076923 0.6706730769230769 0.0889423076923077 0.07692307692307693
8 0.7980769230769231 0.2512019230769231 0.16346153846153846 0.12259615384615384
0 0.5805288461538461 0.6802884615384616 0.06971153846153846 0.0625
5 0.35697115384615385 0.6634615384615384 0.10336538461538461 0.08173076923076923
9 0.6790865384615384 0.23677884615384615 0.14182692307692307 0.11778846153846154
9 0.45072115384615385 0.5925480769230769 0.0985576923076923 0.07451923076923077
2 0.640625 0.36899038461538464 0.15144230769230768 0.12259615384615384
1 0.48197115384615385 0.34975961538461536 0.1466346153846154 0.11778846153846154
2 0.5252403846153846 0.21634615384615385 0.14182692307692307 0.125
9 0.35697115384615385 0.33774038461538464 0.1658653846153846 0.12259615384615384
2 0.35096153846153844 0.4735576923076923 0.16826923076923078 0.125
9 0.39903846153846156 0.20192307692307693 0.18269230769230768 0.125