2 0.4074519230769231 0.5829326923076923 0.08413461538461539 0.07932692307692307
0 0.49038461538461536 0.6706730769230769 0.0673076923076923 0.07211538461538461
0 0.35216346153846156 0.5817307692307693 0.06490384615384616 0.07211538461538461
7 0.4795673076923077 0.5865384615384616 0.0889423076923077 0.07692307692307693
7 0.5492788461538461 0.5913461538461539 0.09375 0.08173076923076923
8 0.5456730769230769 0.6730769230769231 0.09134615384615384 0.08173076923076923
1 0.4579326923076923 0.34615384615384615 0.12740384615384615 0.11538461538461539
1 0.6935096153846154 0.6009615384615384 0.0889423076923077 0.08173076923076923
8 0.6862980769230769 0.6826923076923077 0.09375 0.08173076923076923
2 0.7620192307692307 0.6875 0.08653846153846154 0.08173076923076923
1 0.7716346153846154 0.6081730769230769 0.08653846153846154 0.08173076923076923
5 0.7379807692307693 0.36899038461538464 0.1346153846153846 0.11778846153846154
2 0.35216346153846156 0.46875 0.13221153846153846 0.125
4 0.6262019230769231 0.23557692307692307 0.12740384615384615 0.1201923076923077
5 0.40024038461538464 0.6622596153846154 0.0889423076923077 0.08413461538461539
6 0.47596153846153844 0.22115384615384615 0.125 0.1201923076923077
2 0.6177884615384616 0.359375 0.12980769230769232 0.12259615384615384
9 0.75 0.24519230769230768 0.1346153846153846 0.11538461538461539
9 0.3473557692307692 0.21153846153846154 0.14182692307692307 0.11538461538461539
9 0.33653846153846156 0.33774038461538464 0.1346153846153846 0.11778846153846154