6 0.4170673076923077 0.5745192307692307 0.06971153846153846 0.07692307692307693
0 0.7079326923076923 0.6778846153846154 0.055288461538461536 0.07211538461538461
0 0.3545673076923077 0.5745192307692307 0.06009615384615385 0.07211538461538461
5 0.48197115384615385 0.5805288461538461 0.08413461538461539 0.07932692307692307
6 0.40865384615384615 0.6538461538461539 0.07692307692307693 0.08173076923076923
1 0.6959134615384616 0.59375 0.08413461538461539 0.07692307692307693
0 0.640625 0.6730769230769231 0.06490384615384616 0.07692307692307693
7 0.765625 0.6778846153846154 0.0889423076923077 0.08173076923076923
0 0.5709134615384616 0.5889423076923077 0.055288461538461536 0.07211538461538461
9 0.47716346153846156 0.6610576923076923 0.08413461538461539 0.08173076923076923
8 0.4735576923076923 0.21875 0.12980769230769232 0.1201923076923077
5 0.546875 0.6658653846153846 0.08413461538461539 0.08173076923076923
1 0.7728365384615384 0.5997596153846154 0.0889423076923077 0.08413461538461539
2 0.3557692307692308 0.4639423076923077 0.1346153846153846 0.1201923076923077
1 0.46153846153846156 0.3389423076923077 0.12980769230769232 0.11538461538461539
1 0.6213942307692307 0.3545673076923077 0.13221153846153846 0.11778846153846154
3 0.6382211538461539 0.234375 0.12740384615384615 0.10817307692307693
4 0.7524038461538461 0.23798076923076922 0.12980769230769232 0.11538461538461539
9 0.34975961538461536 0.20673076923076922 0.13701923076923078 0.11538461538461539
3 0.7524038461538461 0.36899038461538464 0.1346153846153846 0.10817307692307693
9 0.33774038461538464 0.3317307692307692 0.13221153846153846 0.11538461538461539