0 0.5216346153846154 0.6959134615384616 0.0625 0.07451923076923077
6 0.6574519230769231 0.7055288461538461 0.06971153846153846 0.07932692307692307
3 0.45552884615384615 0.6117788461538461 0.08413461538461539 0.07451923076923077
6 0.3870192307692308 0.5997596153846154 0.07692307692307693 0.07932692307692307
5 0.7259615384615384 0.7151442307692307 0.08173076923076923 0.08413461538461539
0 0.7548076923076923 0.6430288461538461 0.0673076923076923 0.06971153846153846
1 0.6670673076923077 0.6298076923076923 0.09375 0.08173076923076923
4 0.3545673076923077 0.6778846153846154 0.07932692307692307 0.08173076923076923
2 0.5288461538461539 0.6153846153846154 0.08173076923076923 0.08173076923076923
5 0.4326923076923077 0.6875 0.08173076923076923 0.08173076923076923
1 0.3389423076923077 0.4891826923076923 0.13942307692307693 0.12740384615384615
3 0.640625 0.3918269230769231 0.12740384615384615 0.11057692307692307
5 0.7632211538461539 0.4050480769230769 0.13701923076923078 0.12259615384615384
1 0.47115384615384615 0.3701923076923077 0.1346153846153846 0.125
3 0.5084134615384616 0.24158653846153846 0.13221153846153846 0.11298076923076923
1 0.671875 0.25961538461538464 0.14182692307692307 0.125
9 0.33653846153846156 0.35336538461538464 0.14423076923076922 0.12980769230769232
6 0.8173076923076923 0.27524038461538464 0.11538461538461539 0.12259615384615384
9 0.36658653846153844 0.22115384615384615 0.15144230769230768 0.125