2 0.6947115384615384 0.6875 0.07692307692307693 0.0673076923076923
0 0.6442307692307693 0.6850961538461539 0.0625 0.057692307692307696
5 0.7475961538461539 0.3870192307692308 0.125 0.11538461538461539
7 0.4651442307692308 0.5925480769230769 0.09375 0.07451923076923077
0 0.7295673076923077 0.6201923076923077 0.06490384615384616 0.0625
8 0.4411057692307692 0.6682692307692307 0.0889423076923077 0.07211538461538461
0 0.8125 0.2704326923076923 0.09615384615384616 0.10336538461538461
5 0.37259615384615385 0.6622596153846154 0.09615384615384616 0.07451923076923077
1 0.6538461538461539 0.609375 0.09134615384615384 0.06971153846153846
0 0.5432692307692307 0.6021634615384616 0.0673076923076923 0.06490384615384616
6 0.4014423076923077 0.5853365384615384 0.07692307692307693 0.07451923076923077
0 0.42788461538461536 0.22596153846153846 0.10576923076923077 0.11057692307692307
0 0.5853365384615384 0.6778846153846154 0.06490384615384616 0.0625
9 0.5072115384615384 0.6730769230769231 0.08653846153846154 0.07211538461538461
3 0.5348557692307693 0.23677884615384615 0.13701923076923078 0.10336538461538461
1 0.640625 0.3762019230769231 0.13221153846153846 0.11298076923076923
1 0.33052884615384615 0.5829326923076923 0.09375 0.07451923076923077
2 0.6790865384615384 0.2512019230769231 0.13701923076923078 0.12259615384615384
2 0.36778846153846156 0.4795673076923077 0.15384615384615385 0.11298076923076923
1 0.49158653846153844 0.3581730769230769 0.12740384615384615 0.11057692307692307
9 0.3701923076923077 0.34615384615384615 0.15865384615384615 0.1201923076923077