0 0.3473557692307692 0.5817307692307693 0.06009615384615385 0.07211538461538461
8 0.6850961538461539 0.6826923076923077 0.09134615384615384 0.08173076923076923
7 0.4050480769230769 0.5841346153846154 0.08413461538461539 0.07692307692307693
6 0.5492788461538461 0.6706730769230769 0.0889423076923077 0.08173076923076923
1 0.6923076923076923 0.6021634615384616 0.09134615384615384 0.07932692307692307
9 0.5480769230769231 0.5925480769230769 0.09134615384615384 0.07451923076923077
7 0.7596153846153846 0.6862980769230769 0.09134615384615384 0.08413461538461539
9 0.47716346153846156 0.5889423076923077 0.0889423076923077 0.07692307692307693
1 0.7704326923076923 0.6081730769230769 0.0889423076923077 0.08173076923076923
1 0.45552884615384615 0.3473557692307692 0.12740384615384615 0.11778846153846154
2 0.4735576923076923 0.6670673076923077 0.08653846153846154 0.07932692307692307
5 0.39663461538461536 0.6622596153846154 0.08653846153846154 0.08413461538461539
8 0.46875 0.22235576923076922 0.1346153846153846 0.11778846153846154
6 0.7608173076923077 0.24278846153846154 0.11298076923076923 0.11538461538461539
2 0.34975961538461536 0.47115384615384615 0.14182692307692307 0.125
2 0.7427884615384616 0.3701923076923077 0.1346153846153846 0.11538461538461539
4 0.6274038461538461 0.23557692307692307 0.12980769230769232 0.1201923076923077
2 0.6177884615384616 0.359375 0.12980769230769232 0.12259615384615384
9 0.33413461538461536 0.33774038461538464 0.1346153846153846 0.11778846153846154
9 0.3449519230769231 0.2127403846153846 0.14182692307692307 0.11778846153846154