1 0.6514423076923077 0.2283653846153846 0.1201923076923077 0.15384615384615385
0 0.375 0.19831730769230768 0.11538461538461539 0.10817307692307693
1 0.3269230769230769 0.5733173076923077 0.08173076923076923 0.0985576923076923
9 0.7884615384615384 0.6153846153846154 0.07692307692307693 0.10096153846153846
7 0.4807692307692308 0.5901442307692307 0.08173076923076923 0.10336538461538461
0 0.5697115384615384 0.6802884615384616 0.07211538461538461 0.07692307692307693
4 0.5576923076923077 0.5949519230769231 0.08173076923076923 0.0985576923076923
2 0.47475961538461536 0.6706730769230769 0.07932692307692307 0.09615384615384616
5 0.4807692307692308 0.21033653846153846 0.1201923076923077 0.1466346153846154
4 0.39663461538461536 0.6646634615384616 0.08173076923076923 0.10336538461538461
2 0.7872596153846154 0.2439903846153846 0.12259615384615384 0.15144230769230768
2 0.3545673076923077 0.4651442307692308 0.12740384615384615 0.16105769230769232
1 0.7067307692307693 0.609375 0.08173076923076923 0.0985576923076923
5 0.4050480769230769 0.5817307692307693 0.08413461538461539 0.09615384615384616
5 0.6995192307692307 0.6911057692307693 0.08173076923076923 0.0985576923076923
4 0.6370192307692307 0.35697115384615385 0.125 0.15144230769230768
6 0.7824519230769231 0.6971153846153846 0.07932692307692307 0.09134615384615384
1 0.46875 0.33774038461538464 0.1201923076923077 0.14182692307692307
2 0.7680288461538461 0.37259615384615385 0.12740384615384615 0.14903846153846154
9 0.3293269230769231 0.3233173076923077 0.125 0.16105769230769232