0 0.6899038461538461 0.23798076923076922 0.08173076923076923 0.10096153846153846
0 0.5769230769230769 0.6586538461538461 0.0625 0.0625
3 0.5 0.6514423076923077 0.08653846153846154 0.0625
0 0.7247596153846154 0.5973557692307693 0.06490384615384616 0.06009615384615385
8 0.7427884615384616 0.36658653846153844 0.12980769230769232 0.11298076923076923
5 0.6887019230769231 0.6682692307692307 0.08413461538461539 0.07211538461538461
1 0.6454326923076923 0.5889423076923077 0.0889423076923077 0.07211538461538461
9 0.6274038461538461 0.6646634615384616 0.08653846153846154 0.07451923076923077
7 0.7848557692307693 0.24519230769230768 0.15625 0.11057692307692307
8 0.38341346153846156 0.5685096153846154 0.0985576923076923 0.07451923076923077
2 0.4543269230769231 0.5709134615384616 0.08173076923076923 0.07451923076923077
5 0.4266826923076923 0.6478365384615384 0.0889423076923077 0.07451923076923077
0 0.5324519230769231 0.5793269230769231 0.06490384615384616 0.0625
4 0.5204326923076923 0.21634615384615385 0.14182692307692307 0.1201923076923077
5 0.3629807692307692 0.6430288461538461 0.09615384615384616 0.07451923076923077
1 0.6298076923076923 0.35697115384615385 0.14423076923076922 0.11298076923076923
1 0.4831730769230769 0.3389423076923077 0.13942307692307693 0.11057692307692307
9 0.3605769230769231 0.3269230769230769 0.16346153846153846 0.11538461538461539
2 0.3557692307692308 0.46033653846153844 0.15865384615384615 0.11778846153846154
9 0.40024038461538464 0.1971153846153846 0.18028846153846154 0.1201923076923077