1 0.43509615384615385 0.5745192307692307 0.08173076923076923 0.08173076923076923
1 0.7007211538461539 0.6165865384615384 0.07932692307692307 0.07932692307692307
0 0.3798076923076923 0.5673076923076923 0.057692307692307696 0.07211538461538461
8 0.5745192307692307 0.5961538461538461 0.08173076923076923 0.08173076923076923
4 0.7512019230769231 0.7043269230769231 0.07932692307692307 0.07692307692307693
1 0.4855769230769231 0.6646634615384616 0.08173076923076923 0.08413461538461539
9 0.7680288461538461 0.6262019230769231 0.0889423076923077 0.07451923076923077
4 0.41346153846153844 0.6550480769230769 0.08173076923076923 0.08413461538461539
2 0.5600961538461539 0.6754807692307693 0.08173076923076923 0.08173076923076923
7 0.8052884615384616 0.27283653846153844 0.1346153846153846 0.11298076923076923
5 0.6838942307692307 0.6923076923076923 0.07932692307692307 0.08173076923076923
9 0.5036057692307693 0.5853365384615384 0.08413461538461539 0.07932692307692307
1 0.5228365384615384 0.3425480769230769 0.13221153846153846 0.11778846153846154
5 0.7788461538461539 0.39302884615384615 0.12980769230769232 0.11778846153846154
3 0.40865384615384615 0.45913461538461536 0.13942307692307693 0.11057692307692307
4 0.6658653846153846 0.3713942307692308 0.125 0.12259615384615384
9 0.40024038461538464 0.31971153846153844 0.13701923076923078 0.1201923076923077
6 0.5637019230769231 0.21995192307692307 0.10817307692307693 0.11778846153846154
9 0.43509615384615385 0.19831730769230768 0.14423076923076922 0.11778846153846154
2 0.6995192307692307 0.25 0.125 0.1201923076923077