0 0.6730769230769231 0.23317307692307693 0.10576923076923077 0.10096153846153846
3 0.40384615384615385 0.5853365384615384 0.07692307692307693 0.0985576923076923
1 0.3269230769230769 0.5733173076923077 0.08173076923076923 0.10336538461538461
8 0.47836538461538464 0.5889423076923077 0.08173076923076923 0.09615384615384616
0 0.37259615384615385 0.19471153846153846 0.11538461538461539 0.11057692307692307
3 0.7764423076923077 0.7019230769230769 0.07211538461538461 0.10096153846153846
1 0.7007211538461539 0.609375 0.08413461538461539 0.10336538461538461
4 0.5540865384615384 0.5949519230769231 0.08413461538461539 0.0985576923076923
4 0.3918269230769231 0.6658653846153846 0.08173076923076923 0.10096153846153846
3 0.5516826923076923 0.6802884615384616 0.07451923076923077 0.10576923076923077
2 0.35216346153846156 0.4639423076923077 0.12740384615384615 0.16346153846153846
9 0.7836538461538461 0.6153846153846154 0.08173076923076923 0.10576923076923077
4 0.46875 0.671875 0.08173076923076923 0.09375
6 0.703125 0.6911057692307693 0.07932692307692307 0.0985576923076923
1 0.46634615384615385 0.33653846153846156 0.1201923076923077 0.14423076923076922
3 0.6334134615384616 0.3581730769230769 0.10817307692307693 0.14423076923076922
9 0.3269230769230769 0.32091346153846156 0.125 0.16105769230769232
7 0.78125 0.24278846153846154 0.11538461538461539 0.14903846153846154
4 0.4807692307692308 0.20552884615384615 0.1201923076923077 0.1466346153846154
7 0.7608173076923077 0.3701923076923077 0.11778846153846154 0.15384615384615385