0 0.34615384615384615 0.5841346153846154 0.0625 0.07211538461538461
0 0.7776442307692307 0.6129807692307693 0.06971153846153846 0.07692307692307693
3 0.40625 0.5877403846153846 0.07692307692307693 0.07451923076923077
1 0.47596153846153844 0.5901442307692307 0.08653846153846154 0.08413461538461539
8 0.47115384615384615 0.671875 0.09134615384615384 0.08413461538461539
0 0.5600961538461539 0.6778846153846154 0.0673076923076923 0.07692307692307693
7 0.6790865384615384 0.6850961538461539 0.0889423076923077 0.08173076923076923
0 0.7620192307692307 0.3701923076923077 0.07211538461538461 0.10096153846153846
0 0.7728365384615384 0.24519230769230768 0.07932692307692307 0.10096153846153846
4 0.3942307692307692 0.6670673076923077 0.08653846153846154 0.08413461538461539
1 0.6875 0.6033653846153846 0.09134615384615384 0.08173076923076923
3 0.5480769230769231 0.5961538461538461 0.08173076923076923 0.07211538461538461
1 0.4519230769230769 0.3449519230769231 0.12980769230769232 0.11778846153846154
3 0.7584134615384616 0.6911057692307693 0.0889423076923077 0.07932692307692307
2 0.3485576923076923 0.47115384615384615 0.1346153846153846 0.125
7 0.46274038461538464 0.21995192307692307 0.13701923076923078 0.11778846153846154
3 0.6213942307692307 0.36177884615384615 0.13701923076923078 0.11298076923076923
9 0.625 0.23076923076923078 0.1346153846153846 0.11538461538461539
9 0.34375 0.20793269230769232 0.1346153846153846 0.11778846153846154
9 0.33052884615384615 0.33653846153846156 0.13221153846153846 0.1201923076923077