0 0.35096153846153844 0.5793269230769231 0.0625 0.07211538461538461
8 0.47836538461538464 0.5829326923076923 0.08653846153846154 0.07932692307692307
8 0.6887019230769231 0.6790865384615384 0.09375 0.07932692307692307
6 0.7680288461538461 0.6850961538461539 0.0889423076923077 0.08653846153846154
4 0.5444711538461539 0.6682692307692307 0.0889423076923077 0.08173076923076923
3 0.4098557692307692 0.5817307692307693 0.08413461538461539 0.07211538461538461
7 0.5516826923076923 0.5877403846153846 0.09375 0.07932692307692307
4 0.7512019230769231 0.23798076923076922 0.12740384615384615 0.11538461538461539
1 0.6935096153846154 0.5985576923076923 0.0889423076923077 0.08173076923076923
1 0.6286057692307693 0.22956730769230768 0.13221153846153846 0.11778846153846154
1 0.7704326923076923 0.6045673076923077 0.0889423076923077 0.08413461538461539
2 0.4735576923076923 0.6634615384615384 0.08653846153846154 0.08173076923076923
2 0.34975961538461536 0.46875 0.13701923076923078 0.125
5 0.39663461538461536 0.6598557692307693 0.08653846153846154 0.08413461538461539
1 0.4567307692307692 0.3425480769230769 0.12980769230769232 0.11778846153846154
7 0.4675480769230769 0.21875 0.13221153846153846 0.1201923076923077
2 0.7451923076923077 0.3641826923076923 0.1346153846153846 0.12259615384615384
9 0.3449519230769231 0.2091346153846154 0.13701923076923078 0.11538461538461539
9 0.33533653846153844 0.33413461538461536 0.13221153846153846 0.11538461538461539
2 0.6213942307692307 0.35697115384615385 0.13221153846153846 0.12259615384615384