       0/9        0G    0.1104   0.09013    0.0632    0.2637        48       416         0         0         0         0   0.07966   0.02275   0.04202
       1/9        0G    0.1199   0.05063   0.06563    0.2361        42       416         0         0         0         0   0.07964   0.02277   0.04202
       2/9        0G    0.1129    0.0719   0.06399    0.2487        60       416         0         0         0         0   0.07961   0.02279   0.04202
       3/9        0G    0.1157    0.0706   0.06377    0.2501        53       416         0         0         0         0   0.07958   0.02281   0.04202
       4/9        0G    0.1101   0.08594   0.06315    0.2592        50       416         0         0         0         0   0.07957   0.02281   0.04201
       5/9        0G      0.11   0.09111    0.0633    0.2644        58       416         0         0         0         0   0.07956   0.02282   0.04201
       6/9        0G     0.108   0.07354   0.06334    0.2449        44       416         0         0         0         0   0.07956   0.02282   0.04201
       7/9        0G    0.1102   0.08855   0.06391    0.2627        60       416         0         0         0         0   0.07954   0.02283   0.04201
       8/9        0G    0.1073   0.07687   0.06326    0.2474        40       416         0         0         0         0   0.07957   0.02281   0.04201
       9/9        0G    0.1142   0.08868   0.06384    0.2667        55       416         0         0         0         0   0.07956   0.02281     0.042
