The file save_dirrtake-81-jpg-cropped-jpg-jpg_jpg.rf.49dfc4bd7c9ab120ee6f46e29389d612.txt contains:
7 0.5516826923076923 0.6189903846153846 0.07932692307692307 0.0985576923076923
1 0.47596153846153844 0.6129807692307693 0.08173076923076923 0.09134615384615384
0 0.6502403846153846 0.3894230769230769 0.10817307692307693 0.10576923076923077
0 0.7704326923076923 0.7271634615384616 0.06490384615384616 0.06971153846153846
1 0.33413461538461536 0.5985576923076923 0.08173076923076923 0.09615384615384616
6 0.4795673076923077 0.6959134615384616 0.06971153846153846 0.08413461538461539
0 0.7704326923076923 0.39783653846153844 0.10336538461538461 0.0985576923076923
0 0.3786057692307692 0.22115384615384615 0.11778846153846154 0.11538461538461539
0 0.7079326923076923 0.6394230769230769 0.07451923076923077 0.07692307692307693
3 0.4026442307692308 0.6899038461538461 0.06971153846153846 0.09615384615384616
3 0.5456730769230769 0.7055288461538461 0.07211538461538461 0.0985576923076923
1 0.4807692307692308 0.23076923076923078 0.1201923076923077 0.14423076923076922
2 0.359375 0.48677884615384615 0.12259615384615384 0.15144230769230768
3 0.7728365384615384 0.27163461538461536 0.10817307692307693 0.14903846153846154
4 0.6862980769230769 0.71875 0.07932692307692307 0.10576923076923077
7 0.765625 0.6430288461538461 0.07932692307692307 0.0985576923076923
9 0.4050480769230769 0.6057692307692307 0.07932692307692307 0.10096153846153846
2 0.46875 0.36177884615384615 0.1201923076923077 0.14182692307692307
9 0.33653846153846156 0.3485576923076923 0.125 0.16346153846153846
2 0.6442307692307693 0.2512019230769231 0.1201923076923077 0.1466346153846154
The file screenytake-63-jpg-cropped-jpg_jpg.rf.08bacd3f447c80b0b89e947f8f702902.txt contains:
4 0.36486486486486486 0.3819444444444444 0.21621621621621623 0.4305555555555556
6 0.777027027027027 0.5138888888888888 0.17567567567567569 0.4722222222222222
3 0.5878378378378378 0.4513888888888889 0.20270270270270271 0.375
The file digittake-104-jpg_jpg.rf.5d9b139ea3d110ca0897c50cd8da8936.txt contains:
1 0.4046875 0.4479166666666667 0.03125 0.09166666666666666
0 0.38046875 0.44479166666666664 0.0203125 0.08125
3 0.3375 0.44375 0.03125 0.09166666666666666
5 0.43984375 0.45 0.0296875 0.0875
The file save_dirrtake-130-jpg-cropped-jpg-jpg_jpg.rf.b1b605a28fcf11d847296175384f4498.txt contains:
1 0.4735576923076923 0.5889423076923077 0.08173076923076923 0.09615384615384616
0 0.3713942307692308 0.1971153846153846 0.11298076923076923 0.11057692307692307
1 0.47115384615384615 0.671875 0.08173076923076923 0.09375
1 0.7007211538461539 0.6117788461538461 0.08413461538461539 0.10336538461538461
5 0.6923076923076923 0.6947115384615384 0.08173076923076923 0.10096153846153846
1 0.3245192307692308 0.5733173076923077 0.08173076923076923 0.0985576923076923
2 0.5576923076923077 0.5961538461538461 0.08653846153846154 0.10096153846153846
2 0.35216346153846156 0.4639423076923077 0.12740384615384615 0.16346153846153846
4 0.3918269230769231 0.6670673076923077 0.08653846153846154 0.10336538461538461
5 0.40024038461538464 0.5817307692307693 0.08413461538461539 0.09615384615384616
1 0.7740384615384616 0.2403846153846154 0.1201923076923077 0.14423076923076922
4 0.6262019230769231 0.35697115384615385 0.12259615384615384 0.14182692307692307
2 0.5480769230769231 0.6790865384615384 0.08653846153846154 0.0985576923076923
4 0.7692307692307693 0.7019230769230769 0.08173076923076923 0.09615384615384616
1 0.46634615384615385 0.33774038461538464 0.1201923076923077 0.14182692307692307
5 0.47836538461538464 0.20673076923076922 0.1201923076923077 0.14903846153846154
9 0.3269230769230769 0.32211538461538464 0.125 0.16346153846153846
5 0.7596153846153846 0.3713942307692308 0.1201923076923077 0.15144230769230768
9 0.7788461538461539 0.6177884615384616 0.08173076923076923 0.10096153846153846
9 0.6442307692307693 0.22596153846153846 0.11538461538461539 0.15384615384615385
The file digittake-105-jpg_jpg.rf.cac4ee0d1a8cf4b781ef1aade6171944.txt contains:
1 0.45625 0.21666666666666667 0.0375 0.1
0 0.425 0.2125 0.021875 0.09166666666666666
4 0.3734375 0.2125 0.034375 0.10416666666666667
2 0.33203125 0.21041666666666667 0.0359375 0.10833333333333334
The file digittake-24-jpg_jpg.rf.1724b7b95cea1f0184b0765f3c874a9e.txt contains:
6 0.4421875 0.4427083333333333 0.025 0.08541666666666667
0 0.41484375 0.44375 0.0171875 0.075
2 0.33828125 0.4375 0.0265625 0.0875
7 0.3703125 0.4395833333333333 0.028125 0.0875
The file digittake-408-jpg_jpg.rf.650b382da33b9647231a76fa3f1651a0.txt contains:
2 0.37109375 0.20104166666666667 0.0328125 0.10625
3 0.41171875 0.20520833333333333 0.0328125 0.09791666666666667
1 0.45234375 0.20625 0.0359375 0.10416666666666667
4 0.328125 0.20104166666666667 0.034375 0.10625
The file save_dirrcropped-jpg_jpg.rf.25997bfa90bee0f2e2a02a77edb16a57.txt contains:
0 0.4963942307692308 0.23076923076923078 0.0889423076923077 0.10576923076923077
0 0.6334134615384616 0.6814903846153846 0.06009615384615385 0.07451923076923077
4 0.47836538461538464 0.5889423076923077 0.08173076923076923 0.08173076923076923
3 0.7704326923076923 0.6141826923076923 0.09375 0.07451923076923077
1 0.6875 0.6838942307692307 0.08173076923076923 0.07932692307692307
0 0.37259615384615385 0.22355769230769232 0.09134615384615384 0.11057692307692307
1 0.4723557692307692 0.6694711538461539 0.08413461538461539 0.07932692307692307
6 0.4014423076923077 0.6634615384615384 0.08173076923076923 0.08173076923076923
1 0.6947115384615384 0.6045673076923077 0.08653846153846154 0.07932692307692307
1 0.546875 0.6742788461538461 0.08413461538461539 0.07932692307692307
9 0.40625 0.5877403846153846 0.08653846153846154 0.07451923076923077
0 0.6550480769230769 0.2439903846153846 0.0889423076923077 0.10817307692307693
9 0.5456730769230769 0.5949519230769231 0.09134615384615384 0.07932692307692307
1 0.3329326923076923 0.5817307692307693 0.08413461538461539 0.07692307692307693
2 0.7596153846153846 0.6899038461538461 0.08653846153846154 0.08173076923076923
1 0.6165865384615384 0.36177884615384615 0.12740384615384615 0.11778846153846154
0 0.7740384615384616 0.2548076923076923 0.08173076923076923 0.10096153846153846
2 0.35216346153846156 0.4735576923076923 0.13221153846153846 0.125
1 0.45552884615384615 0.35216346153846156 0.12740384615384615 0.11778846153846154
1 0.7415865384615384 0.3701923076923077 0.12740384615384615 0.11538461538461539
9 0.3329326923076923 0.3425480769230769 0.13701923076923078 0.11778846153846154
The file digittake-266-jpg_jpg.rf.47d5fc1cdb6294c9d6d7572c24d8d4e4.txt contains:
9 0.2453125 0.35520833333333335 0.034375 0.08958333333333333
3 0.171875 0.353125 0.034375 0.08958333333333333
9 0.2828125 0.35833333333333334 0.034375 0.09166666666666666
7 0.21015625 0.35208333333333336 0.0328125 0.09166666666666666
The file digittake-154-jpg_jpg.rf.9b338b39646e7f28ed770a455bee8b2e.txt contains:
3 0.2515625 0.35625 0.03125 0.0875
2 0.32421875 0.359375 0.0296875 0.08958333333333333
3 0.36171875 0.36354166666666665 0.0296875 0.08541666666666667
2 0.2890625 0.3572916666666667 0.028125 0.08958333333333333
The file digittake-401-jpg_jpg.rf.6331f71bb2094787dc04bb9a16051f35.txt contains:
4 0.40859375 0.2125 0.0328125 0.10416666666666667
2 0.36953125 0.21041666666666667 0.0328125 0.10416666666666667
4 0.32734375 0.20833333333333334 0.0359375 0.10416666666666667
5 0.45078125 0.21458333333333332 0.0359375 0.10833333333333334
The file save_dirrtake-74-jpg-cropped-jpg-jpg_jpg.rf.8f2afc5d2e39daf95bb52090b03c7909.txt contains:
7 0.8016826923076923 0.2824519230769231 0.14182692307692307 0.11298076923076923
0 0.5925480769230769 0.6899038461538461 0.06009615384615385 0.057692307692307696
2 0.4026442307692308 0.6009615384615384 0.0889423076923077 0.07211538461538461
1 0.7259615384615384 0.6286057692307693 0.08173076923076923 0.06490384615384616
7 0.7572115384615384 0.4026442307692308 0.12980769230769232 0.10817307692307693
1 0.6598557692307693 0.6237980769230769 0.0889423076923077 0.06971153846153846
1 0.4723557692307692 0.6081730769230769 0.0889423076923077 0.07211538461538461
6 0.7091346153846154 0.6959134615384616 0.07211538461538461 0.06490384615384616
9 0.640625 0.6923076923076923 0.07932692307692307 0.0673076923076923
3 0.3473557692307692 0.5985576923076923 0.08413461538461539 0.0673076923076923
8 0.5348557692307693 0.6105769230769231 0.0889423076923077 0.07211538461538461
0 0.5625 0.25600961538461536 0.09615384615384616 0.10817307692307693
6 0.4567307692307692 0.6766826923076923 0.07692307692307693 0.06971153846153846
5 0.38341346153846156 0.6754807692307693 0.09375 0.07692307692307693
9 0.515625 0.6838942307692307 0.09375 0.06971153846153846
4 0.6814903846153846 0.27163461538461536 0.12259615384615384 0.11057692307692307
1 0.421875 0.23798076923076922 0.1466346153846154 0.1201923076923077
9 0.3798076923076923 0.3629807692307692 0.15384615384615385 0.11538461538461539
1 0.6454326923076923 0.39302884615384615 0.13221153846153846 0.10817307692307693
1 0.5012019230769231 0.375 0.13221153846153846 0.11057692307692307
2 0.375 0.4963942307692308 0.15384615384615385 0.11778846153846154
The file save_dirrsave_dirr2bf3406560e9dc92dbcb5b50291689e7ff858a80-jpg-jpg_jpg.rf.e63dac3b934b1a28be6076fc0e534abd.txt contains:
1 0.4831730769230769 0.34975961538461536 0.09134615384615384 0.28125
9 0.7271634615384616 0.33774038461538464 0.0889423076923077 0.28125
9 0.8533653846153846 0.3269230769230769 0.09134615384615384 0.2932692307692308
1 0.3581730769230769 0.3641826923076923 0.08653846153846154 0.29086538461538464
1 0.6069711538461539 0.3425480769230769 0.0889423076923077 0.28125
The file digittake-13-jpg_jpg.rf.ff0f3b19b8e0adc2286919918f8f0606.txt contains:
4 0.40390625 0.44375 0.0296875 0.0875
2 0.3375 0.43854166666666666 0.028125 0.08958333333333333
9 0.4390625 0.44583333333333336 0.034375 0.0875
6 0.371875 0.4375 0.028125 0.07916666666666666
The file save_dirrcropped-jpg_jpg.rf.6a6536389e7798fe3983c6b581380882.txt contains:
8 0.7391826923076923 0.703125 0.08413461538461539 0.08413461538461539
6 0.7620192307692307 0.6225961538461539 0.07692307692307693 0.08173076923076923
7 0.38341346153846156 0.5877403846153846 0.09375 0.08413461538461539
2 0.44711538461538464 0.6766826923076923 0.08653846153846154 0.08413461538461539
8 0.5216346153846154 0.6838942307692307 0.08653846153846154 0.08413461538461539
9 0.4579326923076923 0.59375 0.0889423076923077 0.08173076923076923
4 0.36538461538461536 0.6682692307692307 0.09134615384615384 0.08653846153846154
2 0.5384615384615384 0.5997596153846154 0.08653846153846154 0.08413461538461539
0 0.7007211538461539 0.6177884615384616 0.06009615384615385 0.07211538461538461
0 0.6838942307692307 0.2403846153846154 0.07932692307692307 0.10576923076923077
1 0.4639423076923077 0.34375 0.1346153846153846 0.125
5 0.6622596153846154 0.6971153846153846 0.08413461538461539 0.08653846153846154
9 0.328125 0.3269230769230769 0.1466346153846154 0.125
2 0.33653846153846156 0.4699519230769231 0.14903846153846154 0.13221153846153846
7 0.7800480769230769 0.25 0.14182692307692307 0.1201923076923077
1 0.7572115384615384 0.3762019230769231 0.12980769230769232 0.11778846153846154
9 0.359375 0.1971153846153846 0.14182692307692307 0.125
4 0.6237980769230769 0.3629807692307692 0.12740384615384615 0.125
4 0.4879807692307692 0.21394230769230768 0.12980769230769232 0.125
The file digittake-91-jpg_jpg.rf.b3aa3e56915744acc6cb0d6996689cf4.txt contains:
4 0.40546875 0.446875 0.0296875 0.08958333333333333
3 0.44140625 0.4479166666666667 0.0328125 0.08333333333333333
3 0.33671875 0.44583333333333336 0.0296875 0.08333333333333333
9 0.37109375 0.44583333333333336 0.0328125 0.08333333333333333
The file digittake-298-jpg_jpg.rf.aa1765ea20334421e034081325f11506.txt contains:
0 0.253125 0.3572916666666667 0.021875 0.08958333333333333
5 0.28046875 0.36041666666666666 0.0296875 0.09166666666666666
8 0.20859375 0.35625 0.0328125 0.09583333333333334
3 0.1703125 0.35520833333333335 0.034375 0.08958333333333333
The file save_dirrcropped-jpg_jpg.rf.344a46a569f5bd9a39b0e7bb5379570e.txt contains:
0 0.4951923076923077 0.22716346153846154 0.08653846153846154 0.10336538461538461
0 0.49278846153846156 0.5877403846153846 0.0673076923076923 0.07451923076923077
0 0.37259615384615385 0.22115384615384615 0.09134615384615384 0.11057692307692307
1 0.6911057692307693 0.5985576923076923 0.0889423076923077 0.07692307692307693
9 0.5480769230769231 0.5913461538461539 0.08653846153846154 0.07692307692307693
0 0.6322115384615384 0.6766826923076923 0.0673076923076923 0.07451923076923077
0 0.7007211538461539 0.6826923076923077 0.06490384615384616 0.07211538461538461
9 0.4074519230769231 0.5817307692307693 0.08413461538461539 0.07692307692307693
1 0.3329326923076923 0.578125 0.08413461538461539 0.07932692307692307
3 0.7644230769230769 0.6069711538461539 0.09134615384615384 0.06971153846153846
4 0.7355769230769231 0.36778846153846156 0.1346153846153846 0.1201923076923077
8 0.47115384615384615 0.6646634615384616 0.09134615384615384 0.08413461538461539
5 0.3954326923076923 0.6586538461538461 0.08413461538461539 0.08173076923076923
1 0.45552884615384615 0.3473557692307692 0.12740384615384615 0.11778846153846154
2 0.5444711538461539 0.6706730769230769 0.0889423076923077 0.08173076923076923
1 0.6153846153846154 0.3581730769230769 0.12980769230769232 0.1201923076923077
9 0.7463942307692307 0.24519230769230768 0.13701923076923078 0.11538461538461539
3 0.7596153846153846 0.6862980769230769 0.08653846153846154 0.07451923076923077
2 0.35096153846153844 0.4699519230769231 0.1346153846153846 0.12259615384615384
9 0.6262019230769231 0.234375 0.12740384615384615 0.11298076923076923
9 0.33413461538461536 0.33774038461538464 0.1346153846153846 0.11778846153846154
The file save_dirrsave_dirrd795e6592de9c1c5187a86769b8c5d7444cbaefd-jpg-jpg_jpg.rf.32cbcae6cd117dd80d8b627ee6bb17b5.txt contains:
9 0.6165865384615384 0.38461538461538464 0.06009615384615385 0.1778846153846154
4 0.46634615384615385 0.3762019230769231 0.057692307692307696 0.18028846153846154
1 0.3076923076923077 0.3641826923076923 0.0673076923076923 0.18509615384615385
9 0.38822115384615385 0.3713942307692308 0.06009615384615385 0.17548076923076922
9 0.5408653846153846 0.38100961538461536 0.057692307692307696 0.17548076923076922
The file digittake-22-jpg_jpg.rf.8245d676928ef00e272f6cd437326729.txt contains:
2 0.50546875 0.2947916666666667 0.0359375 0.10625
9 0.5453125 0.296875 0.034375 0.10208333333333333
3 0.62265625 0.3020833333333333 0.0390625 0.09583333333333334
9 0.5828125 0.29791666666666666 0.0375 0.09583333333333334
The file digittake-87-jpg_jpg.rf.b6c239e3a75d633b0afbb255bba95919.txt contains:
4 0.440625 0.446875 0.03125 0.08958333333333333
3 0.33671875 0.44375 0.0296875 0.08333333333333333
3 0.40703125 0.446875 0.0296875 0.08541666666666667
9 0.371875 0.44479166666666664 0.03125 0.08958333333333333
The file save_dirrsave_dirr9b5cac08bb596e68e52fd5f5033f74e00622cfa5-jpg-jpg_jpg.rf.8da186afe1259d4fad0ab39399a4d660.txt contains:
0 0.5913461538461539 0.3557692307692308 0.028846153846153848 0.14903846153846154
9 0.5168269230769231 0.3449519230769231 0.052884615384615384 0.14182692307692307
1 0.45552884615384615 0.33413461538461536 0.05048076923076923 0.13942307692307693
9 0.6382211538461539 0.3629807692307692 0.05048076923076923 0.14423076923076922
9 0.7043269230769231 0.3701923076923077 0.052884615384615384 0.14423076923076922
The file digittake-143-jpg_jpg.rf.b9289ee63ea678e66b7c5e3279296952.txt contains:
6 0.3625 0.36354166666666665 0.028125 0.08958333333333333
3 0.25 0.359375 0.03125 0.08541666666666667
9 0.32265625 0.36354166666666665 0.0296875 0.08958333333333333
2 0.2875 0.36041666666666666 0.028125 0.09166666666666666
The file save_dirrcropped-jpg_jpg.rf.aeb6d4aa8b0ae48f1dbb38a696304340.txt contains:
0 0.4951923076923077 0.6670673076923077 0.0625 0.06971153846153846
6 0.4891826923076923 0.5841346153846154 0.07451923076923077 0.08173076923076923
8 0.5564903846153846 0.5889423076923077 0.0889423076923077 0.08173076923076923
0 0.6610576923076923 0.24158653846153846 0.08173076923076923 0.10336538461538461
0 0.3557692307692308 0.5793269230769231 0.0625 0.07211538461538461
4 0.5480769230769231 0.6706730769230769 0.08653846153846154 0.08173076923076923
8 0.6875 0.6778846153846154 0.09134615384615384 0.08173076923076923
1 0.46033653846153844 0.3485576923076923 0.12740384615384615 0.1201923076923077
1 0.7668269230769231 0.6826923076923077 0.08653846153846154 0.08173076923076923
3 0.41346153846153844 0.5829326923076923 0.08653846153846154 0.07451923076923077
8 0.7524038461538461 0.24639423076923078 0.13942307692307693 0.12259615384615384
1 0.6971153846153846 0.5973557692307693 0.09134615384615384 0.07932692307692307
5 0.4026442307692308 0.6598557692307693 0.0889423076923077 0.08413461538461539
2 0.3581730769230769 0.4699519230769231 0.12980769230769232 0.11778846153846154
1 0.7752403846153846 0.6045673076923077 0.0889423076923077 0.08413461538461539
5 0.7391826923076923 0.36899038461538464 0.12740384615384615 0.11778846153846154
2 0.6213942307692307 0.3605769230769231 0.12259615384615384 0.11538461538461539
7 0.47115384615384615 0.22355769230769232 0.1346153846153846 0.11538461538461539
9 0.33774038461538464 0.3401442307692308 0.13221153846153846 0.11778846153846154
9 0.35096153846153844 0.21514423076923078 0.1346153846153846 0.11298076923076923
The file digittake-325-jpg_jpg.rf.055ae9e479d0c2060198d0e8d182ae3d.txt contains:
4 0.15859375 0.20416666666666666 0.0359375 0.10833333333333334
9 0.19921875 0.20416666666666666 0.0390625 0.10833333333333334
4 0.28046875 0.209375 0.0359375 0.10625
2 0.240625 0.20833333333333334 0.034375 0.10416666666666667
The file save_dirrtake-14-jpg-cropped-jpg-jpg_jpg.rf.5efd4ac35febb47605b78d00ba3ed534.txt contains:
0 0.7235576923076923 0.6346153846153846 0.0673076923076923 0.0625
5 0.4543269230769231 0.6069711538461539 0.09134615384615384 0.07932692307692307
8 0.6274038461538461 0.6995192307692307 0.08653846153846154 0.07211538461538461
1 0.6514423076923077 0.6225961538461539 0.0673076923076923 0.07692307692307693
5 0.6899038461538461 0.7043269230769231 0.08653846153846154 0.07211538461538461
0 0.5132211538461539 0.6911057692307693 0.06971153846153846 0.06490384615384616
3 0.75 0.39663461538461536 0.1201923076923077 0.09615384615384616
1 0.6694711538461539 0.25 0.13701923076923078 0.125
5 0.36778846153846156 0.6778846153846154 0.10096153846153846 0.07692307692307693
4 0.3870192307692308 0.6021634615384616 0.09134615384615384 0.07451923076923077
6 0.8040865384615384 0.2620192307692308 0.11298076923076923 0.11538461538461539
2 0.640625 0.38221153846153844 0.14182692307692307 0.1201923076923077
9 0.5228365384615384 0.609375 0.0985576923076923 0.07451923076923077
2 0.4375 0.6802884615384616 0.09134615384615384 0.07692307692307693
1 0.484375 0.36177884615384615 0.14182692307692307 0.11778846153846154
2 0.5252403846153846 0.23197115384615385 0.14182692307692307 0.11778846153846154
2 0.3605769230769231 0.4879807692307692 0.15865384615384615 0.125
9 0.4026442307692308 0.21754807692307693 0.18028846153846154 0.12259615384615384
9 0.3641826923076923 0.34975961538461536 0.16105769230769232 0.12259615384615384
The file screenytake-41-jpg-cropped-jpg_jpg.rf.270c3f2ff2e1c9429ec10f53f7d677ee.txt contains:
4 0.7432432432432432 0.5208333333333334 0.21621621621621623 0.4305555555555556
2 0.20945945945945946 0.3263888888888889 0.20270270270270271 0.4027777777777778
3 0.3918918918918919 0.3958333333333333 0.21621621621621623 0.375
3 0.5675675675675675 0.4652777777777778 0.21621621621621623 0.375
The file save_dirrdigittake-124-jpg-cropped-jpg-jpg_jpg.rf.f94aa8d7d2c486ed2328f347a33df139.txt contains:
5 0.42427884615384615 0.44471153846153844 0.18509615384615385 0.47115384615384615
0 0.3004807692307692 0.375 0.13942307692307693 0.4326923076923077
5 0.7487980769230769 0.5168269230769231 0.18509615384615385 0.47115384615384615
9 0.5925480769230769 0.49038461538461536 0.18990384615384615 0.4567307692307692
The file save_dirrsave_dirrc1119af716de4f4954efb087092a49ee3b48be13-jpg-jpg_jpg.rf.5e663ed9ba41e05c0b1d11deb65e0f93.txt contains:
4 0.6237980769230769 0.49759615384615385 0.08413461538461539 0.30288461538461536
6 0.7704326923076923 0.5084134615384616 0.06971153846153846 0.30528846153846156
0 0.26322115384615385 0.48677884615384615 0.05048076923076923 0.29086538461538464
8 0.5012019230769231 0.4951923076923077 0.09375 0.30288461538461536
2 0.375 0.48677884615384615 0.08653846153846154 0.31009615384615385
The file digittake-18-jpg_jpg.rf.b4bb80a194a6dcc40c9d6f0270f3bd86.txt contains:
1 0.5046875 0.29270833333333335 0.034375 0.09791666666666667
8 0.5421875 0.29583333333333334 0.040625 0.10416666666666667
4 0.58203125 0.2989583333333333 0.0328125 0.10625
5 0.61953125 0.3 0.0390625 0.09583333333333334
The file digittake-387-jpg_jpg.rf.5c52599bd15803f4282ab334776ea14f.txt contains:
1 0.37109375 0.20833333333333334 0.0359375 0.10416666666666667
4 0.32890625 0.20625 0.0359375 0.10833333333333334
4 0.4109375 0.21041666666666667 0.034375 0.10416666666666667
1 0.4515625 0.21145833333333333 0.0375 0.10625
The file save_dirrtake-24-jpg-cropped-jpg-jpg_jpg.rf.897c46b8dd470be6b51351443ba1918e.txt contains:
8 0.765625 0.3798076923076923 0.14182692307692307 0.11057692307692307
1 0.6538461538461539 0.6117788461538461 0.09615384615384616 0.07451923076923077
9 0.6358173076923077 0.6862980769230769 0.0889423076923077 0.06971153846153846
0 0.5805288461538461 0.6838942307692307 0.06971153846153846 0.06490384615384616
8 0.5228365384615384 0.5997596153846154 0.09375 0.07451923076923077
9 0.7259615384615384 0.6177884615384616 0.09615384615384616 0.07211538461538461
5 0.35336538461538464 0.6658653846153846 0.09615384615384616 0.08173076923076923
5 0.4266826923076923 0.6706730769230769 0.0889423076923077 0.07692307692307693
1 0.8100961538461539 0.25600961538461536 0.14423076923076922 0.12259615384615384
5 0.7019230769230769 0.6899038461538461 0.09134615384615384 0.07692307692307693
0 0.3245192307692308 0.5865384615384616 0.07692307692307693 0.0673076923076923
4 0.4963942307692308 0.6790865384615384 0.0985576923076923 0.07932692307692307
1 0.640625 0.3737980769230769 0.15144230769230768 0.11778846153846154
6 0.45552884615384615 0.59375 0.08413461538461539 0.07692307692307693
0 0.39783653846153844 0.5901442307692307 0.06971153846153846 0.06490384615384616
2 0.6862980769230769 0.2403846153846154 0.13221153846153846 0.1201923076923077
1 0.48197115384615385 0.35216346153846156 0.1466346153846154 0.11778846153846154
5 0.5192307692307693 0.22355769230769232 0.16826923076923078 0.125
9 0.3942307692307692 0.20673076923076922 0.19230769230769232 0.125
9 0.3545673076923077 0.3401442307692308 0.17067307692307693 0.12259615384615384
2 0.3485576923076923 0.47596153846153844 0.17307692307692307 0.125
The file screenytake-70-jpg-cropped-jpg_jpg.rf.ec0982b3d72ed5e48ac08b6cf0ab686d.txt contains:
5 0.3716216216216216 0.3881578947368421 0.20270270270270271 0.40789473684210525
2 0.22297297297297297 0.3223684210526316 0.20270270270270271 0.40789473684210525
1 0.7567567567567568 0.5197368421052632 0.21621621621621623 0.3815789473684211
3 0.581081081081081 0.46710526315789475 0.21621621621621623 0.35526315789473684
The file save_dirrtake-15_jpg_cropped-jpg_jpg.rf.11e549f973313d69578c7e7064b47334.txt contains:
0 0.6971153846153846 0.6923076923076923 0.07211538461538461 0.08653846153846154
0 0.7788461538461539 0.796875 0.0673076923076923 0.0889423076923077
6 0.6778846153846154 0.7860576923076923 0.09615384615384616 0.10576923076923077
8 0.7680288461538461 0.6995192307692307 0.0985576923076923 0.09615384615384616
3 0.49759615384615385 0.7764423076923077 0.10096153846153846 0.09134615384615384
8 0.49759615384615385 0.6742788461538461 0.10096153846153846 0.0985576923076923
3 0.40384615384615385 0.7692307692307693 0.10096153846153846 0.09134615384615384
6 0.32211538461538464 0.6574519230769231 0.09615384615384616 0.0985576923076923
2 0.4074519230769231 0.6646634615384616 0.0985576923076923 0.0985576923076923
4 0.30528846153846156 0.7584134615384616 0.10096153846153846 0.0985576923076923
7 0.7295673076923077 0.2704326923076923 0.15144230769230768 0.13221153846153846
1 0.3798076923076923 0.3762019230769231 0.14423076923076922 0.13701923076923078
3 0.2548076923076923 0.5288461538461539 0.15865384615384615 0.12980769230769232
3 0.4026442307692308 0.23677884615384615 0.1466346153846154 0.12740384615384615
4 0.5733173076923077 0.39903846153846156 0.15144230769230768 0.13942307692307693
1 0.5853365384615384 0.2536057692307692 0.1466346153846154 0.13701923076923078
9 0.7247596153846154 0.41346153846153844 0.15144230769230768 0.13942307692307693
9 0.2439903846153846 0.21754807692307693 0.16105769230769232 0.13701923076923078
9 0.2247596153846154 0.36177884615384615 0.16105769230769232 0.13701923076923078
The file save_dirrtake-88-jpg-cropped-jpg-jpg_jpg.rf.f7af51da37bb03c33c4b6f5b579fdae5.txt contains:
1 0.46875 0.671875 0.08173076923076923 0.0889423076923077
1 0.3269230769230769 0.5733173076923077 0.08173076923076923 0.10336538461538461
0 0.4170673076923077 0.5853365384615384 0.07451923076923077 0.07451923076923077
0 0.3737980769230769 0.1971153846153846 0.11778846153846154 0.11538461538461539
8 0.7800480769230769 0.6165865384615384 0.07932692307692307 0.09375
0 0.5685096153846154 0.6009615384615384 0.07932692307692307 0.07692307692307693
0 0.7175480769230769 0.6117788461538461 0.07451923076923077 0.07451923076923077
5 0.6947115384615384 0.6935096153846154 0.08173076923076923 0.0985576923076923
1 0.5456730769230769 0.6790865384615384 0.08173076923076923 0.0985576923076923
2 0.35216346153846156 0.46274038461538464 0.12740384615384615 0.16105769230769232
1 0.7740384615384616 0.2403846153846154 0.11538461538461539 0.14423076923076922
4 0.39302884615384615 0.6658653846153846 0.08413461538461539 0.10096153846153846
4 0.7680288461538461 0.7007211538461539 0.08413461538461539 0.0985576923076923
4 0.6262019230769231 0.35697115384615385 0.12259615384615384 0.14182692307692307
1 0.4651442307692308 0.33653846153846156 0.11778846153846154 0.14423076923076922
2 0.48197115384615385 0.20793269230769232 0.11778846153846154 0.14182692307692307
5 0.7584134615384616 0.3713942307692308 0.12259615384615384 0.15625
9 0.3269230769230769 0.32211538461538464 0.125 0.16346153846153846
9 0.47836538461538464 0.5901442307692307 0.08173076923076923 0.10336538461538461
9 0.6454326923076923 0.22596153846153846 0.11778846153846154 0.15384615384615385
The file digittake-54-jpg_jpg.rf.d807ccc48dc75b5ab6047784b06f5af7.txt contains:
1 0.403125 0.446875 0.03125 0.08958333333333333
8 0.3671875 0.44479166666666664 0.028125 0.08958333333333333
2 0.33515625 0.44166666666666665 0.0265625 0.0875
7 0.43828125 0.44895833333333335 0.0328125 0.08958333333333333
The file screenytake-12-jpg-cropped-jpg_jpg.rf.c24cccc3e40dd56046fd94b50a70fe30.txt contains:
0 0.7912087912087912 0.5616438356164384 0.15384615384615385 0.4657534246575342
7 0.4065934065934066 0.3904109589041096 0.21978021978021978 0.4246575342465753
2 0.25274725274725274 0.3082191780821918 0.1978021978021978 0.4520547945205479
3 0.5989010989010989 0.4794520547945205 0.2087912087912088 0.4383561643835616
The file digittake-284-jpg_jpg.rf.0c5b4ff9b5ff175d400cbe12ce42dbb7.txt contains:
3 0.24453125 0.3625 0.0296875 0.08333333333333333
3 0.16953125 0.35833333333333334 0.0328125 0.09166666666666666
7 0.2078125 0.36041666666666666 0.03125 0.09166666666666666
2 0.28203125 0.36354166666666665 0.0296875 0.08958333333333333
The file digittake-82-jpg_jpg.rf.a20ef1f4eb7665a94d67d2b75245a4c1.txt contains:
3 0.334375 0.44375 0.028125 0.08333333333333333
2 0.4390625 0.446875 0.028125 0.08958333333333333
2 0.4046875 0.446875 0.028125 0.08541666666666667
9 0.3703125 0.44479166666666664 0.03125 0.08541666666666667
The file digittake-144-jpg_jpg.rf.d7ec429b12dfb6a7441f90f7a6528068.txt contains:
4 0.41875 0.20625 0.034375 0.1
5 0.3765625 0.20416666666666666 0.034375 0.10416666666666667
5 0.459375 0.209375 0.0375 0.10208333333333333
2 0.3359375 0.19895833333333332 0.03125 0.10208333333333333
The file digittake-37-jpg_jpg.rf.25b628132e792a2aa3763f4d1e70f32f.txt contains:
3 0.40390625 0.446875 0.0296875 0.08125
2 0.3359375 0.44166666666666665 0.028125 0.0875
7 0.36796875 0.44479166666666664 0.0296875 0.08958333333333333
7 0.4390625 0.44895833333333335 0.03125 0.08541666666666667
The file digittake-128-jpg_jpg.rf.9bacca3053954ea0531b82ac23a13069.txt contains:
1 0.29140625 0.353125 0.0328125 0.08958333333333333
3 0.2546875 0.3489583333333333 0.03125 0.08541666666666667
2 0.36328125 0.35520833333333335 0.0296875 0.08958333333333333
2 0.32890625 0.3541666666666667 0.0296875 0.09166666666666666
The file save_dirrscreenytake-31-jpg-cropped-jpg-jpg_jpg.rf.84fcf35a4bc693ec2229ca5908909275.txt contains:
1 0.2776442307692308 0.3269230769230769 0.20432692307692307 0.40384615384615385
0 0.6538461538461539 0.46033653846153844 0.14423076923076922 0.37259615384615385
3 0.4699519230769231 0.40024038461538464 0.19951923076923078 0.3918269230769231
3 0.8004807692307693 0.5084134615384616 0.21634615384615385 0.39663461538461536
