3 0.5012019230769231 0.6935096153846154 0.0889423076923077 0.06971153846153846
1 0.6514423076923077 0.6262019230769231 0.09615384615384616 0.07451923076923077
1 0.6310096153846154 0.7043269230769231 0.0889423076923077 0.07211538461538461
0 0.578125 0.6995192307692307 0.06971153846153846 0.0625
1 0.4519230769230769 0.609375 0.09134615384615384 0.07451923076923077
7 0.38341346153846156 0.6009615384615384 0.0985576923076923 0.07692307692307693
1 0.5228365384615384 0.6141826923076923 0.10336538461538461 0.08413461538461539
2 0.6971153846153846 0.7067307692307693 0.08653846153846154 0.07211538461538461
9 0.7175480769230769 0.6286057692307693 0.09375 0.07451923076923077
1 0.4338942307692308 0.6850961538461539 0.0889423076923077 0.07211538461538461
8 0.7980769230769231 0.25961538461538464 0.15384615384615385 0.125
1 0.7572115384615384 0.38822115384615385 0.1346153846153846 0.11298076923076923
6 0.36778846153846156 0.6790865384615384 0.08173076923076923 0.07451923076923077
0 0.4170673076923077 0.21875 0.10817307692307693 0.11538461538461539
1 0.6754807692307693 0.24519230769230768 0.14423076923076922 0.125
2 0.31490384615384615 0.5949519230769231 0.10096153846153846 0.07932692307692307
1 0.6370192307692307 0.38221153846153844 0.13942307692307693 0.11538461538461539
1 0.4831730769230769 0.36177884615384615 0.13942307692307693 0.11778846153846154
8 0.5192307692307693 0.22956730769230768 0.17307692307692307 0.12740384615384615
2 0.3545673076923077 0.4879807692307692 0.16105769230769232 0.125
9 0.3581730769230769 0.34615384615384615 0.16826923076923078 0.125