7 0.3786057692307692 0.5745192307692307 0.09375 0.07211538461538461
6 0.7608173076923077 0.375 0.10817307692307693 0.10576923076923077
1 0.6478365384615384 0.5973557692307693 0.0889423076923077 0.07451923076923077
0 0.8125 0.25961538461538464 0.09134615384615384 0.09615384615384616
0 0.5745192307692307 0.6670673076923077 0.0625 0.06009615384615385
0 0.7055288461538461 0.6754807692307693 0.055288461538461536 0.057692307692307696
0 0.5120192307692307 0.6598557692307693 0.0625 0.06009615384615385
9 0.7127403846153846 0.6021634615384616 0.0889423076923077 0.06971153846153846
7 0.42908653846153844 0.6538461538461539 0.09375 0.07211538461538461
0 0.640625 0.6706730769230769 0.06971153846153846 0.0625
1 0.6334134615384616 0.3629807692307692 0.14182692307692307 0.11538461538461539
3 0.5276442307692307 0.22716346153846154 0.13701923076923078 0.10817307692307693
6 0.5252403846153846 0.5841346153846154 0.07932692307692307 0.07211538461538461
3 0.6802884615384616 0.2439903846153846 0.11057692307692307 0.10336538461538461
5 0.3557692307692308 0.6478365384615384 0.09615384615384616 0.07451923076923077
1 0.4807692307692308 0.3473557692307692 0.13942307692307693 0.11298076923076923
9 0.4483173076923077 0.5805288461538461 0.09375 0.06971153846153846
9 0.3557692307692308 0.33533653846153844 0.15865384615384615 0.11778846153846154
9 0.39663461538461536 0.20673076923076922 0.19230769230769232 0.125
2 0.34975961538461536 0.46634615384615385 0.15625 0.1201923076923077