8 0.5252403846153846 0.7199519230769231 0.0889423076923077 0.0889423076923077
0 0.7644230769230769 0.6574519230769231 0.0625 0.07932692307692307
1 0.45552884615384615 0.7139423076923077 0.0889423076923077 0.09134615384615384
7 0.5372596153846154 0.6322115384615384 0.09375 0.09134615384615384
5 0.6598557692307693 0.734375 0.08413461538461539 0.09375
0 0.4110576923076923 0.6201923076923077 0.057692307692307696 0.08173076923076923
1 0.6754807692307693 0.6466346153846154 0.09134615384615384 0.08653846153846154
5 0.46875 0.625 0.08173076923076923 0.09134615384615384
0 0.6826923076923077 0.24519230769230768 0.08653846153846154 0.11538461538461539
5 0.7319711538461539 0.7427884615384616 0.0889423076923077 0.09615384615384616
4 0.3762019230769231 0.7079326923076923 0.0889423076923077 0.09375
0 0.5288461538461539 0.22355769230769232 0.08653846153846154 0.1201923076923077
4 0.6298076923076923 0.3786057692307692 0.12980769230769232 0.13221153846153846
1 0.7752403846153846 0.25240384615384615 0.12740384615384615 0.125
3 0.7584134615384616 0.39663461538461536 0.13221153846153846 0.125
1 0.4735576923076923 0.3557692307692308 0.1346153846153846 0.1346153846153846
9 0.3449519230769231 0.34134615384615385 0.13701923076923078 0.1346153846153846
2 0.35096153846153844 0.49158653846153844 0.14903846153846154 0.1466346153846154
9 0.375 0.20072115384615385 0.13942307692307693 0.13701923076923078