3 0.49278846153846156 0.6911057692307693 0.07692307692307693 0.06490384615384616
1 0.4338942307692308 0.6826923076923077 0.07932692307692307 0.07692307692307693
9 0.6983173076923077 0.6418269230769231 0.07932692307692307 0.07692307692307693
9 0.453125 0.6057692307692307 0.08413461538461539 0.08653846153846154
4 0.36658653846153844 0.6694711538461539 0.07932692307692307 0.07932692307692307
4 0.6754807692307693 0.7151442307692307 0.07692307692307693 0.07932692307692307
5 0.3870192307692308 0.5961538461538461 0.08653846153846154 0.08653846153846154
1 0.6358173076923077 0.6346153846153846 0.08413461538461539 0.08173076923076923
1 0.5240384615384616 0.6165865384615384 0.08653846153846154 0.08413461538461539
5 0.6069711538461539 0.7067307692307693 0.07451923076923077 0.08173076923076923
8 0.7896634615384616 0.28966346153846156 0.13221153846153846 0.12259615384615384
3 0.7007211538461539 0.27403846153846156 0.12740384615384615 0.11538461538461539
4 0.7439903846153846 0.4110576923076923 0.12259615384615384 0.11538461538461539
4 0.6382211538461539 0.3942307692307692 0.13221153846153846 0.1201923076923077
2 0.3737980769230769 0.47836538461538464 0.15144230769230768 0.12980769230769232
9 0.43509615384615385 0.21634615384615385 0.14903846153846154 0.12980769230769232
9 0.390625 0.3401442307692308 0.14182692307692307 0.11778846153846154
2 0.5516826923076923 0.23918269230769232 0.13221153846153846 0.12740384615384615
1 0.5060096153846154 0.3641826923076923 0.13221153846153846 0.12259615384615384