1 0.47596153846153844 0.5913461538461539 0.08173076923076923 0.09615384615384616
1 0.328125 0.5745192307692307 0.07932692307692307 0.10096153846153846
0 0.3786057692307692 0.19831730769230768 0.11778846153846154 0.11298076923076923
8 0.7836538461538461 0.6201923076923077 0.07692307692307693 0.09615384615384616
9 0.5576923076923077 0.5985576923076923 0.08173076923076923 0.10576923076923077
4 0.40625 0.5829326923076923 0.08173076923076923 0.09375
2 0.47475961538461536 0.6742788461538461 0.07932692307692307 0.09375
7 0.7704326923076923 0.703125 0.07932692307692307 0.0985576923076923
4 0.5480769230769231 0.6826923076923077 0.08653846153846154 0.10576923076923077
0 0.7199519230769231 0.6153846153846154 0.07451923076923077 0.07692307692307693
1 0.7632211538461539 0.3701923076923077 0.11778846153846154 0.1346153846153846
1 0.6526442307692307 0.22596153846153846 0.12259615384615384 0.14903846153846154
2 0.3557692307692308 0.4651442307692308 0.12980769230769232 0.16105769230769232
4 0.3954326923076923 0.6682692307692307 0.08413461538461539 0.10096153846153846
1 0.4699519230769231 0.33774038461538464 0.11778846153846154 0.14182692307692307
5 0.6971153846153846 0.6959134615384616 0.08173076923076923 0.0985576923076923
4 0.6298076923076923 0.3557692307692308 0.125 0.14423076923076922
4 0.4831730769230769 0.20673076923076922 0.1201923076923077 0.14423076923076922
9 0.3317307692307692 0.32211538461538464 0.125 0.16346153846153846
6 0.7872596153846154 0.2403846153846154 0.11778846153846154 0.12980769230769232