0 0.3173076923076923 0.5889423076923077 0.057692307692307696 0.07211538461538461
8 0.43149038461538464 0.6778846153846154 0.0889423076923077 0.08173076923076923
4 0.35697115384615385 0.6706730769230769 0.08413461538461539 0.08173076923076923
2 0.4519230769230769 0.6009615384615384 0.08653846153846154 0.08173076923076923
7 0.6538461538461539 0.6995192307692307 0.08173076923076923 0.08173076923076923
1 0.6730769230769231 0.625 0.08653846153846154 0.07692307692307693
5 0.375 0.59375 0.08173076923076923 0.08173076923076923
3 0.6478365384615384 0.38822115384615385 0.13221153846153846 0.10336538461538461
4 0.7271634615384616 0.7067307692307693 0.07932692307692307 0.07692307692307693
9 0.8052884615384616 0.2764423076923077 0.14423076923076922 0.1201923076923077
2 0.5096153846153846 0.6850961538461539 0.08173076923076923 0.08173076923076923
1 0.7463942307692307 0.6322115384615384 0.07932692307692307 0.07692307692307693
6 0.53125 0.609375 0.07692307692307693 0.07932692307692307
1 0.6766826923076923 0.25841346153846156 0.14182692307692307 0.12259615384615384
9 0.7692307692307693 0.40024038461538464 0.13942307692307693 0.11778846153846154
1 0.3401442307692308 0.4831730769230769 0.13701923076923078 0.1201923076923077
1 0.47115384615384615 0.3641826923076923 0.13942307692307693 0.12259615384615384
8 0.5060096153846154 0.23557692307692307 0.14182692307692307 0.125
9 0.33533653846153844 0.3473557692307692 0.14182692307692307 0.12259615384615384
9 0.3713942307692308 0.21995192307692307 0.15144230769230768 0.12740384615384615