6 0.41346153846153844 0.5769230769230769 0.0673076923076923 0.07692307692307693
0 0.35216346153846156 0.5757211538461539 0.06009615384615385 0.06971153846153846
1 0.47836538461538464 0.5829326923076923 0.08173076923076923 0.07932692307692307
8 0.6875 0.6778846153846154 0.09134615384615384 0.08173076923076923
1 0.7692307692307693 0.6033653846153846 0.08653846153846154 0.08173076923076923
1 0.6947115384615384 0.5973557692307693 0.08653846153846154 0.07932692307692307
2 0.47475961538461536 0.6610576923076923 0.08413461538461539 0.08173076923076923
5 0.7644230769230769 0.6814903846153846 0.09134615384615384 0.08413461538461539
2 0.5528846153846154 0.5865384615384616 0.08653846153846154 0.08173076923076923
1 0.5444711538461539 0.6670673076923077 0.0889423076923077 0.07932692307692307
2 0.35216346153846156 0.4675480769230769 0.13221153846153846 0.12259615384615384
1 0.4567307692307692 0.3425480769230769 0.12980769230769232 0.11778846153846154
8 0.4699519230769231 0.22235576923076922 0.13221153846153846 0.11778846153846154
3 0.7451923076923077 0.3701923076923077 0.13942307692307693 0.10576923076923077
5 0.39663461538461536 0.6586538461538461 0.08653846153846154 0.08173076923076923
3 0.7584134615384616 0.24639423076923078 0.13221153846153846 0.10817307692307693
2 0.6177884615384616 0.3581730769230769 0.12980769230769232 0.125
9 0.33413461538461536 0.33533653846153844 0.1346153846153846 0.11778846153846154
9 0.3449519230769231 0.2091346153846154 0.13701923076923078 0.11538461538461539
2 0.6298076923076923 0.23317307692307693 0.12980769230769232 0.1201923076923077