0 0.6454326923076923 0.6838942307692307 0.06009615384615385 0.055288461538461536
0 0.734375 0.6213942307692307 0.06971153846153846 0.06009615384615385
1 0.6959134615384616 0.6899038461538461 0.09375 0.07211538461538461
8 0.5276442307692307 0.5985576923076923 0.08413461538461539 0.07211538461538461
7 0.4375 0.6682692307692307 0.09134615384615384 0.07211538461538461
5 0.7524038461538461 0.3894230769230769 0.12980769230769232 0.11057692307692307
0 0.5841346153846154 0.6802884615384616 0.0673076923076923 0.0625
0 0.4254807692307692 0.22716346153846154 0.10576923076923077 0.10817307692307693
4 0.5048076923076923 0.6754807692307693 0.09134615384615384 0.07692307692307693
1 0.6526442307692307 0.609375 0.09375 0.06971153846153846
5 0.36899038461538464 0.6646634615384616 0.09375 0.07451923076923077
0 0.6971153846153846 0.2548076923076923 0.09615384615384616 0.11057692307692307
1 0.3245192307692308 0.5829326923076923 0.09615384615384616 0.07451923076923077
0 0.4723557692307692 0.5961538461538461 0.06971153846153846 0.0673076923076923
2 0.796875 0.265625 0.13701923076923078 0.11778846153846154
6 0.39783653846153844 0.5865384615384616 0.08413461538461539 0.07211538461538461
3 0.5324519230769231 0.2403846153846154 0.13701923076923078 0.10576923076923077
1 0.6394230769230769 0.37740384615384615 0.13942307692307693 0.11057692307692307
1 0.4891826923076923 0.359375 0.13221153846153846 0.11298076923076923
2 0.3629807692307692 0.4795673076923077 0.15384615384615385 0.11298076923076923
9 0.36538461538461536 0.34615384615384615 0.16346153846153846 0.1201923076923077