0 0.34134615384615385 0.578125 0.07211538461538461 0.07451923076923077
0 0.7163461538461539 0.6141826923076923 0.07211538461538461 0.07451923076923077
8 0.4014423076923077 0.5829326923076923 0.08173076923076923 0.09375
0 0.3701923076923077 0.19951923076923078 0.11538461538461539 0.11057692307692307
0 0.7079326923076923 0.6971153846153846 0.06971153846153846 0.07211538461538461
8 0.4735576923076923 0.5901442307692307 0.08173076923076923 0.0985576923076923
4 0.4675480769230769 0.6730769230769231 0.08413461538461539 0.09615384615384616
2 0.35216346153846156 0.4651442307692308 0.12740384615384615 0.15625
7 0.7584134615384616 0.3737980769230769 0.12259615384615384 0.15625
2 0.39302884615384615 0.6670673076923077 0.08413461538461539 0.0985576923076923
1 0.7764423076923077 0.2439903846153846 0.11538461538461539 0.1466346153846154
3 0.7800480769230769 0.6201923076923077 0.07451923076923077 0.09615384615384616
5 0.5420673076923077 0.6790865384615384 0.08413461538461539 0.0985576923076923
1 0.6442307692307693 0.2283653846153846 0.1201923076923077 0.14423076923076922
3 0.47115384615384615 0.3449519230769231 0.11057692307692307 0.14182692307692307
1 0.4807692307692308 0.21033653846153846 0.1201923076923077 0.1466346153846154
4 0.5504807692307693 0.5985576923076923 0.08173076923076923 0.09615384615384616
5 0.7644230769230769 0.7007211538461539 0.08173076923076923 0.09375
2 0.6286057692307693 0.3581730769230769 0.11778846153846154 0.14423076923076922
9 0.32572115384615385 0.3245192307692308 0.12740384615384615 0.16346153846153846