7 0.4543269230769231 0.59375 0.09615384615384616 0.07692307692307693
0 0.7355769230769231 0.6213942307692307 0.07211538461538461 0.06009615384615385
8 0.7560096153846154 0.37740384615384615 0.14182692307692307 0.11538461538461539
9 0.6358173076923077 0.6862980769230769 0.0889423076923077 0.07451923076923077
0 0.5829326923076923 0.6826923076923077 0.06971153846153846 0.0673076923076923
6 0.703125 0.6899038461538461 0.08413461538461539 0.07211538461538461
6 0.5024038461538461 0.6742788461538461 0.08173076923076923 0.07451923076923077
1 0.6526442307692307 0.6105769230769231 0.0985576923076923 0.07211538461538461
2 0.3786057692307692 0.5877403846153846 0.0985576923076923 0.07932692307692307
5 0.43028846153846156 0.6706730769230769 0.09134615384615384 0.07692307692307693
1 0.8028846153846154 0.25240384615384615 0.13942307692307693 0.125
1 0.6358173076923077 0.3701923076923077 0.15144230769230768 0.1201923076923077
5 0.359375 0.6670673076923077 0.10336538461538461 0.07932692307692307
9 0.5228365384615384 0.5985576923076923 0.0985576923076923 0.07692307692307693
2 0.6802884615384616 0.23557692307692307 0.1346153846153846 0.125
1 0.5252403846153846 0.21634615384615385 0.13701923076923078 0.1201923076923077
1 0.484375 0.35096153846153844 0.1466346153846154 0.1201923076923077
9 0.39663461538461536 0.203125 0.1778846153846154 0.12259615384615384
9 0.3581730769230769 0.33774038461538464 0.16826923076923078 0.12259615384615384
2 0.35336538461538464 0.47475961538461536 0.16826923076923078 0.12740384615384615