9 0.5576923076923077 0.59375 0.08653846153846154 0.08173076923076923
0 0.3605769230769231 0.5805288461538461 0.0625 0.07932692307692307
8 0.41947115384615385 0.5829326923076923 0.08413461538461539 0.07932692307692307
0 0.3870192307692308 0.21394230769230768 0.08173076923076923 0.10576923076923077
0 0.7872596153846154 0.609375 0.06971153846153846 0.07451923076923077
0 0.640625 0.6802884615384616 0.06009615384615385 0.07211538461538461
1 0.6971153846153846 0.6826923076923077 0.08173076923076923 0.08653846153846154
1 0.4855769230769231 0.6670673076923077 0.08173076923076923 0.07932692307692307
1 0.5600961538461539 0.6742788461538461 0.08653846153846154 0.08413461538461539
3 0.49158653846153844 0.5889423076923077 0.0889423076923077 0.08653846153846154
6 0.41586538461538464 0.6622596153846154 0.07692307692307693 0.08413461538461539
1 0.7043269230769231 0.6021634615384616 0.09134615384615384 0.07932692307692307
2 0.7668269230769231 0.6887019230769231 0.08173076923076923 0.08413461538461539
1 0.6237980769230769 0.35697115384615385 0.12740384615384615 0.11778846153846154
3 0.6442307692307693 0.23798076923076922 0.125 0.11057692307692307
2 0.36538461538461536 0.4699519230769231 0.125 0.12259615384615384
1 0.7512019230769231 0.36778846153846156 0.12740384615384615 0.11538461538461539
9 0.4795673076923077 0.21875 0.13221153846153846 0.11538461538461539
1 0.4699519230769231 0.3449519230769231 0.12259615384615384 0.12259615384615384
9 0.34615384615384615 0.33774038461538464 0.12980769230769232 0.11778846153846154
2 0.7572115384615384 0.2403846153846154 0.12980769230769232 0.1201923076923077