0 0.7091346153846154 0.6189903846153846 0.0625 0.07451923076923077
8 0.7692307692307693 0.6262019230769231 0.08653846153846154 0.08413461538461539
6 0.6935096153846154 0.6959134615384616 0.07932692307692307 0.08413461538461539
0 0.7752403846153846 0.7079326923076923 0.055288461538461536 0.07451923076923077
2 0.5540865384615384 0.5997596153846154 0.08413461538461539 0.08413461538461539
7 0.4735576923076923 0.5925480769230769 0.08653846153846154 0.08413461538461539
4 0.3858173076923077 0.6670673076923077 0.0889423076923077 0.08413461538461539
3 0.5456730769230769 0.6850961538461539 0.08653846153846154 0.07692307692307693
3 0.46634615384615385 0.6790865384615384 0.08653846153846154 0.07451923076923077
5 0.39663461538461536 0.5841346153846154 0.08653846153846154 0.08653846153846154
1 0.4651442307692308 0.34615384615384615 0.12740384615384615 0.1201923076923077
3 0.3545673076923077 0.4699519230769231 0.13701923076923078 0.10817307692307693
3 0.7692307692307693 0.26802884615384615 0.12980769230769232 0.11298076923076923
3 0.48677884615384615 0.2247596153846154 0.12740384615384615 0.11298076923076923
4 0.6262019230769231 0.3701923076923077 0.12740384615384615 0.125
9 0.7512019230769231 0.3858173076923077 0.13221153846153846 0.11778846153846154
9 0.33653846153846156 0.328125 0.1346153846153846 0.12259615384615384
9 0.3581730769230769 0.20192307692307693 0.13942307692307693 0.1201923076923077
2 0.6454326923076923 0.24639423076923078 0.12740384615384615 0.11778846153846154