0 0.7175480769230769 0.6262019230769231 0.06490384615384616 0.07451923076923077
1 0.7692307692307693 0.7127403846153846 0.08173076923076923 0.08413461538461539
8 0.7752403846153846 0.6322115384615384 0.0889423076923077 0.08173076923076923
6 0.6959134615384616 0.7019230769230769 0.07932692307692307 0.08653846153846154
4 0.3870192307692308 0.6742788461538461 0.09134615384615384 0.08413461538461539
8 0.5444711538461539 0.6887019230769231 0.0889423076923077 0.08413461538461539
7 0.47596153846153844 0.5973557692307693 0.08653846153846154 0.08413461538461539
7 0.39903846153846156 0.5901442307692307 0.09134615384615384 0.08413461538461539
3 0.46875 0.6838942307692307 0.08653846153846154 0.07932692307692307
5 0.5504807692307693 0.6057692307692307 0.08173076923076923 0.08173076923076923
3 0.3581730769230769 0.4723557692307692 0.13942307692307693 0.11298076923076923
8 0.7584134615384616 0.38822115384615385 0.12740384615384615 0.12259615384615384
3 0.6334134615384616 0.3737980769230769 0.13221153846153846 0.11298076923076923
3 0.6574519230769231 0.25 0.12259615384615384 0.11538461538461539
4 0.484375 0.22235576923076922 0.12740384615384615 0.12259615384615384
3 0.7800480769230769 0.26802884615384615 0.12740384615384615 0.11778846153846154
1 0.4699519230769231 0.3485576923076923 0.13221153846153846 0.1201923076923077
9 0.36177884615384615 0.203125 0.14182692307692307 0.12259615384615384
9 0.33774038461538464 0.33052884615384615 0.13701923076923078 0.12259615384615384