8 0.5528846153846154 0.5973557692307693 0.08173076923076923 0.10336538461538461
1 0.3245192307692308 0.5745192307692307 0.08173076923076923 0.10096153846153846
3 0.40024038461538464 0.5853365384615384 0.07451923076923077 0.09375
8 0.7836538461538461 0.6177884615384616 0.07692307692307693 0.10096153846153846
0 0.36899038461538464 0.19831730769230768 0.11298076923076923 0.10817307692307693
3 0.7728365384615384 0.7007211538461539 0.07451923076923077 0.0985576923076923
0 0.7163461538461539 0.6129807692307693 0.07692307692307693 0.07692307692307693
2 0.35096153846153844 0.46274038461538464 0.12980769230769232 0.15625
5 0.47596153846153844 0.5901442307692307 0.08173076923076923 0.0985576923076923
4 0.5432692307692307 0.6802884615384616 0.08173076923076923 0.10096153846153846
4 0.4675480769230769 0.671875 0.08413461538461539 0.09375
4 0.390625 0.6646634615384616 0.08413461538461539 0.10336538461538461
3 0.6334134615384616 0.36177884615384615 0.10817307692307693 0.15144230769230768
1 0.4639423076923077 0.3389423076923077 0.125 0.14423076923076922
8 0.7788461538461539 0.24519230769230768 0.11538461538461539 0.15384615384615385
6 0.6995192307692307 0.6911057692307693 0.08173076923076923 0.09375
9 0.6478365384615384 0.22596153846153846 0.11778846153846154 0.15384615384615385
9 0.3245192307692308 0.3245192307692308 0.125 0.16346153846153846
7 0.7584134615384616 0.37259615384615385 0.12259615384615384 0.15384615384615385
4 0.47716346153846156 0.20793269230769232 0.11778846153846154 0.14182692307692307