1 0.6310096153846154 0.7115384615384616 0.08413461538461539 0.0673076923076923
5 0.6899038461538461 0.7115384615384616 0.08653846153846154 0.07211538461538461
4 0.4579326923076923 0.6129807692307693 0.0889423076923077 0.07692307692307693
4 0.390625 0.6081730769230769 0.09375 0.07692307692307693
0 0.6983173076923077 0.25721153846153844 0.09375 0.10576923076923077
1 0.6502403846153846 0.6310096153846154 0.0985576923076923 0.07451923076923077
9 0.7115384615384616 0.6358173076923077 0.09134615384615384 0.06971153846153846
0 0.4230769230769231 0.2283653846153846 0.09615384615384616 0.11057692307692307
9 0.7463942307692307 0.3942307692307692 0.13701923076923078 0.11057692307692307
3 0.4423076923076923 0.6923076923076923 0.08173076923076923 0.0625
0 0.5168269230769231 0.7007211538461539 0.07211538461538461 0.06490384615384616
5 0.5228365384615384 0.6189903846153846 0.09375 0.07932692307692307
6 0.3786057692307692 0.6838942307692307 0.08413461538461539 0.07451923076923077
1 0.6346153846153846 0.3870192307692308 0.14903846153846154 0.11538461538461539
7 0.5216346153846154 0.234375 0.16826923076923078 0.12259615384615384
2 0.7908653846153846 0.26802884615384615 0.13942307692307693 0.12259615384615384
2 0.3269230769230769 0.6009615384615384 0.10096153846153846 0.07692307692307693
1 0.4879807692307692 0.36778846153846156 0.1346153846153846 0.11538461538461539
2 0.3629807692307692 0.49399038461538464 0.15865384615384615 0.12259615384615384
9 0.36778846153846156 0.3557692307692308 0.16346153846153846 0.125