2 0.7307692307692307 0.6442307692307693 0.11057692307692307 0.08173076923076923
6 0.4639423076923077 0.6129807692307693 0.07692307692307693 0.08173076923076923
0 0.7355769230769231 0.7271634615384616 0.0625 0.07932692307692307
8 0.515625 0.7007211538461539 0.08413461538461539 0.08413461538461539
9 0.5336538461538461 0.625 0.08173076923076923 0.08173076923076923
6 0.4483173076923077 0.6935096153846154 0.07451923076923077 0.07932692307692307
7 0.65625 0.7175480769230769 0.08653846153846154 0.08413461538461539
1 0.390625 0.6069711538461539 0.08413461538461539 0.08413461538461539
0 0.3293269230769231 0.6045673076923077 0.052884615384615384 0.06971153846153846
4 0.36899038461538464 0.6875 0.08413461538461539 0.08173076923076923
1 0.6742788461538461 0.6370192307692307 0.0889423076923077 0.08173076923076923
3 0.640625 0.39302884615384615 0.13221153846153846 0.12259615384615384
0 0.7007211538461539 0.26322115384615385 0.0889423076923077 0.11778846153846154
9 0.34615384615384615 0.35336538461538464 0.14423076923076922 0.12980769230769232
1 0.34975961538461536 0.49278846153846156 0.13701923076923078 0.125
1 0.4795673076923077 0.36899038461538464 0.13701923076923078 0.12740384615384615
8 0.7980769230769231 0.27403846153846156 0.14423076923076922 0.12980769230769232
8 0.7668269230769231 0.4050480769230769 0.1346153846153846 0.12740384615384615
9 0.38100961538461536 0.21754807692307693 0.15144230769230768 0.13221153846153846
6 0.5216346153846154 0.23317307692307693 0.11538461538461539 0.12980769230769232