8 0.7992788461538461 0.2536057692307692 0.15625 0.11778846153846154
7 0.5012019230769231 0.6694711538461539 0.09375 0.07451923076923077
2 0.38822115384615385 0.5817307692307693 0.0889423076923077 0.07692307692307693
0 0.6454326923076923 0.6838942307692307 0.06490384615384616 0.06009615384615385
5 0.7524038461538461 0.3786057692307692 0.1346153846153846 0.11778846153846154
0 0.7355769230769231 0.6117788461538461 0.0673076923076923 0.06490384615384616
7 0.43509615384615385 0.6646634615384616 0.09134615384615384 0.07451923076923077
2 0.6995192307692307 0.6850961538461539 0.08653846153846154 0.07211538461538461
5 0.4543269230769231 0.5889423076923077 0.09134615384615384 0.07692307692307693
1 0.6538461538461539 0.6057692307692307 0.09615384615384616 0.07211538461538461
0 0.33533653846153844 0.5805288461538461 0.07932692307692307 0.06971153846153846
5 0.3641826923076923 0.6598557692307693 0.0985576923076923 0.07451923076923077
0 0.5841346153846154 0.6742788461538461 0.07211538461538461 0.06490384615384616
1 0.6382211538461539 0.36778846153846156 0.1466346153846154 0.11538461538461539
3 0.5276442307692307 0.5973557692307693 0.09375 0.06971153846153846
1 0.6790865384615384 0.23557692307692307 0.14182692307692307 0.1201923076923077
6 0.5396634615384616 0.21875 0.12259615384615384 0.1201923076923077
1 0.48677884615384615 0.35096153846153844 0.1466346153846154 0.11538461538461539
9 0.40384615384615385 0.203125 0.1875 0.12259615384615384
9 0.3629807692307692 0.33653846153846156 0.16826923076923078 0.1201923076923077
2 0.35697115384615385 0.4723557692307692 0.15625 0.12259615384615384