1 0.7007211538461539 0.6262019230769231 0.0889423076923077 0.0985576923076923
3 0.5625 0.6105769230769231 0.07692307692307693 0.09615384615384616
1 0.34615384615384615 0.5865384615384616 0.07692307692307693 0.09615384615384616
0 0.3918269230769231 0.21754807692307693 0.11057692307692307 0.10817307692307693
8 0.7608173076923077 0.7127403846153846 0.07932692307692307 0.09375
5 0.4182692307692308 0.5949519230769231 0.08173076923076923 0.0985576923076923
7 0.5504807692307693 0.6899038461538461 0.07692307692307693 0.09615384615384616
1 0.7524038461538461 0.3858173076923077 0.11538461538461539 0.14182692307692307
2 0.48197115384615385 0.6826923076923077 0.07932692307692307 0.08653846153846154
2 0.4879807692307692 0.5997596153846154 0.08173076923076923 0.09375
4 0.4110576923076923 0.6778846153846154 0.07692307692307693 0.09615384615384616
5 0.49038461538461536 0.22596153846153846 0.1201923076923077 0.14423076923076922
9 0.6466346153846154 0.24519230769230768 0.10576923076923077 0.14903846153846154
9 0.7692307692307693 0.6298076923076923 0.07692307692307693 0.10096153846153846
5 0.6899038461538461 0.7043269230769231 0.07692307692307693 0.09615384615384616
5 0.7692307692307693 0.2608173076923077 0.1201923076923077 0.15144230769230768
4 0.6286057692307693 0.3713942307692308 0.11778846153846154 0.14182692307692307
2 0.3737980769230769 0.47716346153846156 0.12259615384615384 0.15144230769230768
1 0.47836538461538464 0.35336538461538464 0.11538461538461539 0.13942307692307693
9 0.3545673076923077 0.3389423076923077 0.12259615384615384 0.15865384615384615