5 0.5228365384615384 0.5901442307692307 0.08413461538461539 0.08413461538461539
6 0.5228365384615384 0.671875 0.07932692307692307 0.08413461538461539
4 0.7451923076923077 0.6983173076923077 0.08173076923076923 0.08413461538461539
6 0.6742788461538461 0.6850961538461539 0.07932692307692307 0.08173076923076923
8 0.7548076923076923 0.6165865384615384 0.08653846153846154 0.07932692307692307
0 0.6947115384615384 0.609375 0.0625 0.07451923076923077
8 0.36778846153846156 0.5745192307692307 0.09134615384615384 0.08173076923076923
4 0.4362980769230769 0.6658653846153846 0.0889423076923077 0.08653846153846154
4 0.3557692307692308 0.6598557692307693 0.08653846153846154 0.08413461538461539
5 0.4519230769230769 0.2091346153846154 0.12980769230769232 0.1201923076923077
9 0.625 0.234375 0.12980769230769232 0.11298076923076923
2 0.4483173076923077 0.5805288461538461 0.08413461538461539 0.08413461538461539
3 0.3245192307692308 0.45913461538461536 0.14423076923076922 0.11057692307692307
1 0.4375 0.33533653846153844 0.12980769230769232 0.12259615384615384
3 0.6141826923076923 0.3629807692307692 0.13701923076923078 0.11057692307692307
0 0.7764423076923077 0.25841346153846156 0.08173076923076923 0.0985576923076923
9 0.30288461538461536 0.3173076923076923 0.1346153846153846 0.125
6 0.7451923076923077 0.37259615384615385 0.11538461538461539 0.1201923076923077
9 0.3245192307692308 0.19110576923076922 0.14423076923076922 0.12259615384615384