7 0.5060096153846154 0.6875 0.09375 0.07692307692307693
0 0.7439903846153846 0.6286057692307693 0.06971153846153846 0.06490384615384616
7 0.36778846153846156 0.6754807692307693 0.10096153846153846 0.07692307692307693
7 0.39302884615384615 0.5973557692307693 0.0985576923076923 0.07932692307692307
7 0.7007211538461539 0.7019230769230769 0.0889423076923077 0.07211538461538461
3 0.6394230769230769 0.7019230769230769 0.07692307692307693 0.0673076923076923
8 0.5276442307692307 0.6081730769230769 0.09375 0.07692307692307693
2 0.7632211538461539 0.38341346153846156 0.14182692307692307 0.11778846153846154
3 0.46153846153846156 0.6081730769230769 0.09615384615384616 0.07211538461538461
1 0.6586538461538461 0.6213942307692307 0.09615384615384616 0.07451923076923077
0 0.5853365384615384 0.6959134615384616 0.06971153846153846 0.06490384615384616
3 0.5348557692307693 0.22596153846153846 0.15144230769230768 0.1201923076923077
1 0.31850961538461536 0.5901442307692307 0.0985576923076923 0.07932692307692307
0 0.671875 0.3786057692307692 0.10817307692307693 0.11298076923076923
9 0.4387019230769231 0.6802884615384616 0.09375 0.07692307692307693
8 0.7992788461538461 0.2536057692307692 0.17067307692307693 0.12740384615384615
3 0.6887019230769231 0.24158653846153846 0.12259615384615384 0.10336538461538461
0 0.42788461538461536 0.2127403846153846 0.11538461538461539 0.12259615384615384
1 0.49158653846153844 0.3545673076923077 0.14182692307692307 0.11778846153846154
9 0.3641826923076923 0.34134615384615385 0.17067307692307693 0.125
2 0.3605769230769231 0.4831730769230769 0.16346153846153846 0.125