5 0.4855769230769231 0.5817307692307693 0.08653846153846154 0.08173076923076923
0 0.3581730769230769 0.5745192307692307 0.057692307692307696 0.07692307692307693
3 0.4170673076923077 0.5793269230769231 0.07932692307692307 0.07692307692307693
0 0.7920673076923077 0.6045673076923077 0.06490384615384616 0.07451923076923077
0 0.6646634615384616 0.24158653846153846 0.0889423076923077 0.10817307692307693
0 0.5757211538461539 0.5877403846153846 0.055288461538461536 0.07451923076923077
7 0.6971153846153846 0.6766826923076923 0.08653846153846154 0.08413461538461539
1 0.7007211538461539 0.5949519230769231 0.0889423076923077 0.07932692307692307
7 0.7668269230769231 0.6814903846153846 0.09134615384615384 0.0889423076923077
7 0.7475961538461539 0.36538461538461536 0.1346153846153846 0.11538461538461539
9 0.4795673076923077 0.6622596153846154 0.0889423076923077 0.07932692307692307
5 0.40625 0.6574519230769231 0.08653846153846154 0.08413461538461539
1 0.4651442307692308 0.3425480769230769 0.12740384615384615 0.11778846153846154
3 0.5552884615384616 0.6658653846153846 0.08653846153846154 0.07211538461538461
2 0.3581730769230769 0.46634615384615385 0.13942307692307693 0.11538461538461539
2 0.6237980769230769 0.35697115384615385 0.12259615384615384 0.11778846153846154
9 0.35216346153846156 0.21153846153846154 0.13221153846153846 0.11538461538461539
9 0.3401442307692308 0.33533653846153844 0.13221153846153846 0.11778846153846154
7 0.4723557692307692 0.21995192307692307 0.13221153846153846 0.11778846153846154
2 0.7584134615384616 0.24278846153846154 0.13221153846153846 0.1201923076923077