7 0.4206730769230769 0.6538461538461539 0.09134615384615384 0.07692307692307693
8 0.7079326923076923 0.6009615384615384 0.07932692307692307 0.0673076923076923
0 0.7019230769230769 0.6766826923076923 0.057692307692307696 0.06009615384615385
8 0.3762019230769231 0.5757211538461539 0.09375 0.07451923076923077
0 0.5709134615384616 0.6646634615384616 0.06490384615384616 0.06009615384615385
0 0.6574519230769231 0.5985576923076923 0.06490384615384616 0.0625
0 0.640625 0.6694711538461539 0.06009615384615385 0.06009615384615385
6 0.7548076923076923 0.37259615384615385 0.11538461538461539 0.10576923076923077
5 0.35216346153846156 0.6478365384615384 0.0985576923076923 0.07451923076923077
0 0.53125 0.5877403846153846 0.0673076923076923 0.06009615384615385
4 0.44591346153846156 0.5793269230769231 0.0889423076923077 0.07211538461538461
9 0.49158653846153844 0.6586538461538461 0.09375 0.07211538461538461
9 0.6694711538461539 0.23798076923076922 0.13701923076923078 0.11538461538461539
4 0.7860576923076923 0.25240384615384615 0.1346153846153846 0.11538461538461539
1 0.6286057692307693 0.36538461538461536 0.1466346153846154 0.11538461538461539
1 0.47596153846153844 0.3449519230769231 0.1346153846153846 0.11298076923076923
2 0.3088942307692308 0.5685096153846154 0.0985576923076923 0.07451923076923077
1 0.3942307692307692 0.20552884615384615 0.15384615384615385 0.12259615384615384
9 0.5132211538461539 0.21995192307692307 0.15625 0.11778846153846154
9 0.35216346153846156 0.33413461538461536 0.16105769230769232 0.11538461538461539
2 0.34615384615384615 0.46634615384615385 0.16826923076923078 0.1201923076923077