2 0.5552884615384616 0.5961538461538461 0.08653846153846154 0.08173076923076923
4 0.4110576923076923 0.5877403846153846 0.08173076923076923 0.07932692307692307
5 0.765625 0.6887019230769231 0.0889423076923077 0.08413461538461539
0 0.3545673076923077 0.5841346153846154 0.06009615384615385 0.07211538461538461
8 0.48197115384615385 0.5913461538461539 0.0889423076923077 0.08173076923076923
0 0.7091346153846154 0.6850961538461539 0.0625 0.07211538461538461
8 0.47596153846153844 0.6706730769230769 0.08653846153846154 0.08173076923076923
7 0.5504807692307693 0.6754807692307693 0.08653846153846154 0.08173076923076923
3 0.7740384615384616 0.6129807692307693 0.09134615384615384 0.07692307692307693
0 0.640625 0.6814903846153846 0.06490384615384616 0.06971153846153846
1 0.6995192307692307 0.6069711538461539 0.08653846153846154 0.07932692307692307
4 0.6334134615384616 0.2439903846153846 0.12740384615384615 0.11778846153846154
4 0.7427884615384616 0.3762019230769231 0.12980769230769232 0.11778846153846154
7 0.4723557692307692 0.22956730769230768 0.13221153846153846 0.11778846153846154
2 0.36177884615384615 0.47475961538461536 0.13221153846153846 0.12259615384615384
1 0.6213942307692307 0.36538461538461536 0.13221153846153846 0.1201923076923077
5 0.40384615384615385 0.6658653846153846 0.08653846153846154 0.08173076923076923
2 0.7560096153846154 0.25240384615384615 0.13221153846153846 0.1201923076923077
1 0.46153846153846156 0.35336538461538464 0.12980769230769232 0.1201923076923077
9 0.3389423076923077 0.34375 0.1346153846153846 0.11538461538461539
9 0.35216346153846156 0.21995192307692307 0.13701923076923078 0.11298076923076923