0 0.4230769230769231 0.5949519230769231 0.0673076923076923 0.06971153846153846
0 0.5673076923076923 0.6875 0.0673076923076923 0.07211538461538461
0 0.7800480769230769 0.7055288461538461 0.06490384615384616 0.06490384615384616
0 0.38341346153846156 0.2247596153846154 0.11778846153846154 0.11298076923076923
0 0.49158653846153844 0.6814903846153846 0.06971153846153846 0.06971153846153846
5 0.7740384615384616 0.26802884615384615 0.11057692307692307 0.14182692307692307
8 0.5552884615384616 0.6045673076923077 0.07692307692307693 0.09375
4 0.40024038461538464 0.6730769230769231 0.07932692307692307 0.10096153846153846
1 0.33413461538461536 0.5841346153846154 0.08173076923076923 0.10096153846153846
0 0.7151442307692307 0.6225961538461539 0.07451923076923077 0.07211538461538461
5 0.4807692307692308 0.5985576923076923 0.08173076923076923 0.09615384615384616
5 0.6923076923076923 0.6971153846153846 0.07692307692307693 0.09615384615384616
4 0.6298076923076923 0.3762019230769231 0.1201923076923077 0.1466346153846154
2 0.3629807692307692 0.4795673076923077 0.125 0.15144230769230768
8 0.7560096153846154 0.390625 0.11778846153846154 0.15144230769230768
6 0.7776442307692307 0.625 0.07451923076923077 0.08653846153846154
1 0.47115384615384615 0.35697115384615385 0.11538461538461539 0.13701923076923078
2 0.484375 0.23557692307692307 0.11778846153846154 0.13942307692307693
1 0.6466346153846154 0.2536057692307692 0.11538461538461539 0.13701923076923078
9 0.33774038461538464 0.34375 0.11778846153846154 0.15865384615384615