0 0.34975961538461536 0.578125 0.06009615384615385 0.07451923076923077
0 0.4951923076923077 0.5853365384615384 0.0625 0.07932692307692307
8 0.7620192307692307 0.6826923076923077 0.09134615384615384 0.08173076923076923
7 0.5504807692307693 0.5877403846153846 0.09134615384615384 0.07932692307692307
4 0.4050480769230769 0.5805288461538461 0.07932692307692307 0.07932692307692307
1 0.6935096153846154 0.5973557692307693 0.0889423076923077 0.07932692307692307
8 0.6850961538461539 0.6778846153846154 0.09134615384615384 0.08173076923076923
1 0.7704326923076923 0.6045673076923077 0.0889423076923077 0.08413461538461539
9 0.5456730769230769 0.6694711538461539 0.08653846153846154 0.07932692307692307
2 0.3485576923076923 0.4675480769230769 0.13942307692307693 0.12259615384615384
1 0.7391826923076923 0.36177884615384615 0.13221153846153846 0.11778846153846154
5 0.3942307692307692 0.6586538461538461 0.08653846153846154 0.08173076923076923
3 0.4735576923076923 0.6646634615384616 0.08653846153846154 0.07451923076923077
1 0.4567307692307692 0.3401442307692308 0.12980769230769232 0.11778846153846154
9 0.7512019230769231 0.23918269230769232 0.13701923076923078 0.11298076923076923
7 0.4675480769230769 0.21754807692307693 0.13701923076923078 0.11778846153846154
2 0.6177884615384616 0.35336538461538464 0.12980769230769232 0.1201923076923077
9 0.3449519230769231 0.20552884615384615 0.13701923076923078 0.11778846153846154
9 0.33413461538461536 0.3329326923076923 0.1346153846153846 0.11778846153846154
2 0.6298076923076923 0.22956730769230768 0.1346153846153846 0.12259615384615384