7 0.6899038461538461 0.6911057692307693 0.08653846153846154 0.07932692307692307
0 0.5060096153846154 0.5865384615384616 0.06009615384615385 0.07692307692307693
3 0.41947115384615385 0.5769230769230769 0.09375 0.07692307692307693
8 0.7728365384615384 0.6201923076923077 0.07932692307692307 0.07692307692307693
2 0.5661057692307693 0.59375 0.0889423076923077 0.08653846153846154
3 0.7716346153846154 0.38341346153846156 0.12980769230769232 0.11298076923076923
4 0.5516826923076923 0.6754807692307693 0.07932692307692307 0.08173076923076923
4 0.4050480769230769 0.6586538461538461 0.0889423076923077 0.08173076923076923
6 0.4831730769230769 0.6622596153846154 0.07692307692307693 0.08413461538461539
0 0.7151442307692307 0.6141826923076923 0.06009615384615385 0.07451923076923077
9 0.3786057692307692 0.19471153846153846 0.13701923076923078 0.1201923076923077
1 0.484375 0.3401442307692308 0.13221153846153846 0.12259615384615384
1 0.6586538461538461 0.23677884615384615 0.12980769230769232 0.12259615384615384
9 0.7596153846153846 0.6995192307692307 0.08653846153846154 0.08173076923076923
2 0.7788461538461539 0.25600961538461536 0.1346153846153846 0.12259615384615384
3 0.6466346153846154 0.36538461538461536 0.1346153846153846 0.11057692307692307
9 0.359375 0.31971153846153844 0.14182692307692307 0.125
1 0.5036057692307693 0.2127403846153846 0.13701923076923078 0.12740384615384615
2 0.3701923076923077 0.46033653846153844 0.14903846153846154 0.12740384615384615