1 0.4567307692307692 0.6033653846153846 0.09615384615384616 0.07211538461538461
0 0.5853365384615384 0.6899038461538461 0.06971153846153846 0.0625
1 0.7259615384615384 0.6274038461538461 0.09134615384615384 0.07211538461538461
1 0.6574519230769231 0.6201923076923077 0.09375 0.07211538461538461
0 0.7163461538461539 0.703125 0.0625 0.06009615384615385
0 0.33533653846153844 0.5961538461538461 0.07932692307692307 0.0673076923076923
1 0.6382211538461539 0.6959134615384616 0.08413461538461539 0.06971153846153846
5 0.7992788461538461 0.2668269230769231 0.1466346153846154 0.1201923076923077
6 0.5432692307692307 0.23197115384615385 0.12980769230769232 0.11778846153846154
0 0.4519230769230769 0.6814903846153846 0.07211538461538461 0.06490384615384616
3 0.39302884615384615 0.6009615384615384 0.09375 0.0673076923076923
5 0.5252403846153846 0.6081730769230769 0.0889423076923077 0.07692307692307693
3 0.6947115384615384 0.25721153846153844 0.11538461538461539 0.10576923076923077
1 0.7632211538461539 0.390625 0.13221153846153846 0.11298076923076923
6 0.5132211538461539 0.6814903846153846 0.07932692307692307 0.06971153846153846
6 0.3762019230769231 0.6706730769230769 0.0889423076923077 0.07211538461538461
1 0.6430288461538461 0.3798076923076923 0.13701923076923078 0.11538461538461539
1 0.4879807692307692 0.36177884615384615 0.13942307692307693 0.11298076923076923
9 0.4050480769230769 0.21754807692307693 0.18990384615384615 0.12259615384615384
2 0.36177884615384615 0.48677884615384615 0.16105769230769232 0.12259615384615384
9 0.3641826923076923 0.3485576923076923 0.1658653846153846 0.1201923076923077