2 0.3798076923076923 0.5985576923076923 0.09134615384615384 0.07692307692307693
6 0.5192307692307693 0.6850961538461539 0.07692307692307693 0.08173076923076923
6 0.46153846153846156 0.6033653846153846 0.07692307692307693 0.08173076923076923
0 0.328125 0.5925480769230769 0.06009615384615385 0.07451923076923077
5 0.7283653846153846 0.7091346153846154 0.08173076923076923 0.08173076923076923
1 0.7487980769230769 0.6334134615384616 0.07932692307692307 0.07932692307692307
7 0.53125 0.6117788461538461 0.08173076923076923 0.07932692307692307
8 0.4387019230769231 0.6790865384615384 0.07932692307692307 0.07932692307692307
1 0.6742788461538461 0.625 0.08413461538461539 0.07692307692307693
7 0.6574519230769231 0.7007211538461539 0.08413461538461539 0.07932692307692307
4 0.3641826923076923 0.671875 0.08413461538461539 0.07932692307692307
9 0.3425480769230769 0.3485576923076923 0.14182692307692307 0.1201923076923077
1 0.3473557692307692 0.4855769230769231 0.13701923076923078 0.125
3 0.8137019230769231 0.2800480769230769 0.13221153846153846 0.11298076923076923
8 0.7752403846153846 0.4014423076923077 0.14182692307692307 0.125
1 0.47596153846153844 0.3641826923076923 0.1346153846153846 0.12259615384615384
2 0.6466346153846154 0.3858173076923077 0.1346153846153846 0.12740384615384615
6 0.5204326923076923 0.234375 0.11298076923076923 0.12259615384615384
9 0.3762019230769231 0.21995192307692307 0.15144230769230768 0.12740384615384615
4 0.6730769230769231 0.25961538461538464 0.12980769230769232 0.125