8 0.5600961538461539 0.5985576923076923 0.09134615384615384 0.08653846153846154
4 0.4855769230769231 0.5889423076923077 0.08173076923076923 0.08173076923076923
7 0.7716346153846154 0.6262019230769231 0.08653846153846154 0.07932692307692307
7 0.6887019230769231 0.6959134615384616 0.08413461538461539 0.08413461538461539
0 0.7163461538461539 0.6201923076923077 0.0625 0.07211538461538461
7 0.47475961538461536 0.6706730769230769 0.08413461538461539 0.08173076923076923
3 0.41586538461538464 0.5793269230769231 0.08653846153846154 0.07692307692307693
4 0.39783653846153844 0.6610576923076923 0.08413461538461539 0.08653846153846154
2 0.7620192307692307 0.7055288461538461 0.08173076923076923 0.07932692307692307
7 0.7764423076923077 0.2608173076923077 0.13942307692307693 0.11778846153846154
5 0.5480769230769231 0.6802884615384616 0.08173076923076923 0.08173076923076923
1 0.7632211538461539 0.38341346153846156 0.13221153846153846 0.11778846153846154
1 0.484375 0.3425480769230769 0.13221153846153846 0.12259615384615384
1 0.5060096153846154 0.21634615384615385 0.13701923076923078 0.125
9 0.3786057692307692 0.19831730769230768 0.14182692307692307 0.11778846153846154
9 0.3581730769230769 0.3245192307692308 0.13942307692307693 0.1201923076923077
2 0.6634615384615384 0.2403846153846154 0.1346153846153846 0.125
3 0.6430288461538461 0.37259615384615385 0.12740384615384615 0.11538461538461539
2 0.36899038461538464 0.4639423076923077 0.15144230769230768 0.125