0 0.7331730769230769 0.6165865384615384 0.0625 0.06009615384615385
1 0.40625 0.5901442307692307 0.08653846153846154 0.06971153846153846
0 0.5612980769230769 0.25 0.0889423076923077 0.10096153846153846
5 0.6971153846153846 0.6850961538461539 0.08173076923076923 0.0673076923076923
8 0.5168269230769231 0.671875 0.08653846153846154 0.06971153846153846
0 0.6538461538461539 0.6826923076923077 0.057692307692307696 0.057692307692307696
8 0.453125 0.6670673076923077 0.0889423076923077 0.06971153846153846
1 0.6598557692307693 0.6105769230769231 0.0889423076923077 0.0673076923076923
2 0.5396634615384616 0.5985576923076923 0.08413461538461539 0.07211538461538461
3 0.7644230769230769 0.39903846153846156 0.10576923076923077 0.08653846153846154
1 0.42427884615384615 0.23076923076923078 0.1466346153846154 0.11538461538461539
0 0.5925480769230769 0.6766826923076923 0.06490384615384616 0.06009615384615385
5 0.3870192307692308 0.6610576923076923 0.09134615384615384 0.07211538461538461
9 0.4735576923076923 0.59375 0.09134615384615384 0.07211538461538461
3 0.34975961538461536 0.5865384615384616 0.08413461538461539 0.0673076923076923
1 0.6814903846153846 0.25961538461538464 0.12740384615384615 0.11538461538461539
9 0.7920673076923077 0.2776442307692308 0.13221153846153846 0.10817307692307693
1 0.5024038461538461 0.36658653846153844 0.12980769230769232 0.10817307692307693
1 0.6466346153846154 0.3858173076923077 0.1346153846153846 0.11298076923076923
9 0.3858173076923077 0.3545673076923077 0.15144230769230768 0.11298076923076923
2 0.3798076923076923 0.48677884615384615 0.15384615384615385 0.11298076923076923