2 0.5576923076923077 0.7007211538461539 0.08653846153846154 0.0889423076923077
9 0.40625 0.6057692307692307 0.08653846153846154 0.08653846153846154
1 0.5637019230769231 0.6141826923076923 0.0889423076923077 0.09375
1 0.78125 0.7127403846153846 0.09134615384615384 0.0889423076923077
0 0.34975961538461536 0.6021634615384616 0.06009615384615385 0.07932692307692307
8 0.7920673076923077 0.625 0.0889423076923077 0.09134615384615384
7 0.7007211538461539 0.7067307692307693 0.09375 0.09134615384615384
4 0.3954326923076923 0.6911057692307693 0.0889423076923077 0.08413461538461539
7 0.48197115384615385 0.6117788461538461 0.0889423076923077 0.0889423076923077
7 0.47475961538461536 0.6935096153846154 0.08413461538461539 0.08413461538461539
0 0.7295673076923077 0.6237980769230769 0.06490384615384616 0.07932692307692307
3 0.35697115384615385 0.48677884615384615 0.14182692307692307 0.11778846153846154
1 0.47115384615384615 0.3485576923076923 0.13942307692307693 0.12980769230769232
9 0.3485576923076923 0.19831730769230768 0.14903846153846154 0.13221153846153846
1 0.7764423076923077 0.36658653846153844 0.13942307692307693 0.12259615384615384
5 0.47716346153846156 0.21033653846153846 0.13701923076923078 0.13221153846153846
9 0.7872596153846154 0.234375 0.14182692307692307 0.12740384615384615
3 0.6454326923076923 0.36658653846153844 0.13701923076923078 0.12259615384615384
9 0.33052884615384615 0.33774038461538464 0.1466346153846154 0.13221153846153846
2 0.6598557692307693 0.22235576923076922 0.13701923076923078 0.13701923076923078