0 0.35216346153846156 0.5805288461538461 0.06490384615384616 0.06971153846153846
8 0.7668269230769231 0.6875 0.09615384615384616 0.08653846153846154
3 0.41225961538461536 0.5841346153846154 0.07932692307692307 0.07211538461538461
5 0.5516826923076923 0.5901442307692307 0.08413461538461539 0.07932692307692307
9 0.48197115384615385 0.5877403846153846 0.0889423076923077 0.07932692307692307
0 0.5649038461538461 0.6754807692307693 0.0673076923076923 0.07692307692307693
8 0.6911057692307693 0.6814903846153846 0.0889423076923077 0.08413461538461539
1 0.46033653846153844 0.3425480769230769 0.13701923076923078 0.11778846153846154
3 0.48197115384615385 0.6682692307692307 0.08413461538461539 0.07692307692307693
1 0.6983173076923077 0.5985576923076923 0.0889423076923077 0.08173076923076923
6 0.47836538461538464 0.21634615384615385 0.125 0.1201923076923077
5 0.40024038461538464 0.6622596153846154 0.0889423076923077 0.08413461538461539
1 0.7439903846153846 0.3629807692307692 0.13701923076923078 0.1201923076923077
2 0.3581730769230769 0.46875 0.1346153846153846 0.125
4 0.6274038461538461 0.22956730769230768 0.12980769230769232 0.12259615384615384
1 0.7752403846153846 0.6069711538461539 0.0889423076923077 0.08413461538461539
2 0.6225961538461539 0.3557692307692308 0.1346153846153846 0.1201923076923077
5 0.7524038461538461 0.2403846153846154 0.12980769230769232 0.1201923076923077
9 0.34975961538461536 0.20793269230769232 0.14182692307692307 0.11778846153846154
9 0.33774038461538464 0.33533653846153844 0.13221153846153846 0.11778846153846154