0 0.38221153846153844 0.23197115384615385 0.11057692307692307 0.10817307692307693
8 0.7620192307692307 0.7115384615384616 0.07692307692307693 0.09615384615384616
4 0.48197115384615385 0.6057692307692307 0.07932692307692307 0.08653846153846154
7 0.7716346153846154 0.6310096153846154 0.07692307692307693 0.0985576923076923
7 0.5480769230769231 0.6875 0.07692307692307693 0.09615384615384616
5 0.5540865384615384 0.6105769230769231 0.07932692307692307 0.09615384615384616
1 0.3389423076923077 0.5901442307692307 0.08173076923076923 0.0985576923076923
3 0.49278846153846156 0.24519230769230768 0.10576923076923077 0.13942307692307693
0 0.7115384615384616 0.6262019230769231 0.0673076923076923 0.06971153846153846
2 0.41225961538461536 0.5961538461538461 0.07932692307692307 0.09134615384615384
2 0.3629807692307692 0.4855769230769231 0.125 0.14903846153846154
5 0.6911057692307693 0.7019230769230769 0.07451923076923077 0.09615384615384616
4 0.4026442307692308 0.6790865384615384 0.07932692307692307 0.0985576923076923
1 0.7524038461538461 0.3954326923076923 0.11538461538461539 0.13701923076923078
2 0.47716346153846156 0.6826923076923077 0.07932692307692307 0.09134615384615384
4 0.6274038461538461 0.38221153846153844 0.1201923076923077 0.13942307692307693
9 0.7692307692307693 0.2764423076923077 0.11057692307692307 0.14423076923076922
2 0.6466346153846154 0.25961538461538464 0.1201923076923077 0.14423076923076922
1 0.47115384615384615 0.36538461538461536 0.11538461538461539 0.12980769230769232
9 0.3401442307692308 0.35336538461538464 0.11778846153846154 0.16346153846153846