4 0.7788461538461539 0.23197115384615385 0.11538461538461539 0.14182692307692307
1 0.32091346153846156 0.5721153846153846 0.08413461538461539 0.10096153846153846
3 0.4014423076923077 0.5829326923076923 0.07692307692307693 0.09375
2 0.34134615384615385 0.46274038461538464 0.1346153846153846 0.1658653846153846
8 0.7860576923076923 0.6153846153846154 0.07692307692307693 0.10096153846153846
0 0.7163461538461539 0.609375 0.08173076923076923 0.07932692307692307
3 0.5564903846153846 0.5961538461538461 0.07932692307692307 0.10096153846153846
0 0.36778846153846156 0.19471153846153846 0.11538461538461539 0.11538461538461539
3 0.7776442307692307 0.6983173076923077 0.07451923076923077 0.0985576923076923
4 0.4723557692307692 0.5877403846153846 0.08413461538461539 0.09375
4 0.3870192307692308 0.6646634615384616 0.08173076923076923 0.10336538461538461
4 0.46634615384615385 0.6706730769230769 0.08173076923076923 0.09615384615384616
1 0.46274038461538464 0.33533653846153844 0.12259615384615384 0.1466346153846154
7 0.765625 0.3737980769230769 0.13221153846153846 0.1466346153846154
3 0.6334134615384616 0.3545673076923077 0.11778846153846154 0.1466346153846154
3 0.5480769230769231 0.6790865384615384 0.07211538461538461 0.10336538461538461
6 0.7019230769230769 0.6887019230769231 0.08173076923076923 0.0985576923076923
9 0.6478365384615384 0.22235576923076922 0.11778846153846154 0.15144230769230768
4 0.47836538461538464 0.20432692307692307 0.1201923076923077 0.14423076923076922
9 0.32091346153846156 0.31850961538461536 0.12259615384615384 0.1658653846153846