7 0.5516826923076923 0.6189903846153846 0.07932692307692307 0.0985576923076923
1 0.47596153846153844 0.6129807692307693 0.08173076923076923 0.09134615384615384
0 0.6502403846153846 0.3894230769230769 0.10817307692307693 0.10576923076923077
0 0.7704326923076923 0.7271634615384616 0.06490384615384616 0.06971153846153846
1 0.33413461538461536 0.5985576923076923 0.08173076923076923 0.09615384615384616
6 0.4795673076923077 0.6959134615384616 0.06971153846153846 0.08413461538461539
0 0.7704326923076923 0.39783653846153844 0.10336538461538461 0.0985576923076923
0 0.3786057692307692 0.22115384615384615 0.11778846153846154 0.11538461538461539
0 0.7079326923076923 0.6394230769230769 0.07451923076923077 0.07692307692307693
3 0.4026442307692308 0.6899038461538461 0.06971153846153846 0.09615384615384616
3 0.5456730769230769 0.7055288461538461 0.07211538461538461 0.0985576923076923
1 0.4807692307692308 0.23076923076923078 0.1201923076923077 0.14423076923076922
2 0.359375 0.48677884615384615 0.12259615384615384 0.15144230769230768
3 0.7728365384615384 0.27163461538461536 0.10817307692307693 0.14903846153846154
4 0.6862980769230769 0.71875 0.07932692307692307 0.10576923076923077
7 0.765625 0.6430288461538461 0.07932692307692307 0.0985576923076923
9 0.4050480769230769 0.6057692307692307 0.07932692307692307 0.10096153846153846
2 0.46875 0.36177884615384615 0.1201923076923077 0.14182692307692307
9 0.33653846153846156 0.3485576923076923 0.125 0.16346153846153846
2 0.6442307692307693 0.2512019230769231 0.1201923076923077 0.1466346153846154