0 0.7776442307692307 0.39783653846153844 0.0985576923076923 0.09375
1 0.6358173076923077 0.7103365384615384 0.08413461538461539 0.06971153846153846
0 0.5841346153846154 0.7043269230769231 0.0625 0.0625
8 0.4579326923076923 0.6129807692307693 0.09375 0.08173076923076923
1 0.6526442307692307 0.6322115384615384 0.09375 0.07211538461538461
1 0.390625 0.6081730769230769 0.0985576923076923 0.08173076923076923
2 0.4423076923076923 0.6911057692307693 0.08653846153846154 0.07451923076923077
4 0.6995192307692307 0.7127403846153846 0.08653846153846154 0.07451923076923077
9 0.7199519230769231 0.6346153846153846 0.09375 0.07692307692307693
4 0.6778846153846154 0.2512019230769231 0.125 0.12259615384615384
6 0.3762019230769231 0.6850961538461539 0.08413461538461539 0.07211538461538461
0 0.5204326923076923 0.7007211538461539 0.07451923076923077 0.06490384615384616
0 0.4266826923076923 0.22235576923076922 0.10336538461538461 0.11298076923076923
2 0.5300480769230769 0.6177884615384616 0.0889423076923077 0.07692307692307693
2 0.3233173076923077 0.6009615384615384 0.0985576923076923 0.07692307692307693
8 0.7944711538461539 0.265625 0.1658653846153846 0.12740384615384615
1 0.6418269230769231 0.38341346153846156 0.15384615384615385 0.12259615384615384
5 0.5228365384615384 0.23076923076923078 0.1658653846153846 0.12980769230769232
1 0.49038461538461536 0.3641826923076923 0.13942307692307693 0.11778846153846154
2 0.36177884615384615 0.49278846153846156 0.16105769230769232 0.125
9 0.36658653846153844 0.35096153846153844 0.1658653846153846 0.125