0 0.7728365384615384 0.38461538461538464 0.09375 0.09615384615384616
0 0.734375 0.6201923076923077 0.07451923076923077 0.0625
0 0.5132211538461539 0.671875 0.06490384615384616 0.06490384615384616
1 0.6983173076923077 0.6875 0.0889423076923077 0.07211538461538461
9 0.6322115384615384 0.6826923076923077 0.08653846153846154 0.07211538461538461
4 0.5228365384615384 0.2247596153846154 0.1466346153846154 0.12259615384615384
9 0.38461538461538464 0.5853365384615384 0.09615384615384616 0.07451923076923077
4 0.7932692307692307 0.25721153846153844 0.14903846153846154 0.1201923076923077
1 0.6526442307692307 0.6069711538461539 0.0985576923076923 0.07451923076923077
3 0.5228365384615384 0.5997596153846154 0.0889423076923077 0.06971153846153846
0 0.5817307692307693 0.6778846153846154 0.0673076923076923 0.0673076923076923
5 0.359375 0.6610576923076923 0.0985576923076923 0.07692307692307693
4 0.4326923076923077 0.6670673076923077 0.09615384615384616 0.07932692307692307
4 0.4519230769230769 0.5913461538461539 0.09134615384615384 0.07692307692307693
0 0.33052884615384615 0.5817307692307693 0.06971153846153846 0.0625
2 0.6418269230769231 0.3713942307692308 0.14903846153846154 0.11778846153846154
4 0.6790865384615384 0.24278846153846154 0.12740384615384615 0.11538461538461539
1 0.4831730769230769 0.35216346153846156 0.14423076923076922 0.11298076923076923
9 0.39903846153846156 0.20793269230769232 0.18269230769230768 0.12259615384615384
9 0.3605769230769231 0.3389423076923077 0.16346153846153846 0.1201923076923077
2 0.3557692307692308 0.47475961538461536 0.16826923076923078 0.12259615384615384