1 0.5612980769230769 0.5973557692307693 0.08413461538461539 0.0985576923076923
1 0.3245192307692308 0.5721153846153846 0.08173076923076923 0.10096153846153846
8 0.4795673076923077 0.5889423076923077 0.08413461538461539 0.09615384615384616
0 0.3701923076923077 0.1971153846153846 0.11538461538461539 0.11538461538461539
7 0.7800480769230769 0.6995192307692307 0.08413461538461539 0.10096153846153846
2 0.3473557692307692 0.4651442307692308 0.13701923076923078 0.16105769230769232
2 0.4735576923076923 0.671875 0.08173076923076923 0.09375
1 0.7680288461538461 0.3701923076923077 0.12259615384615384 0.13942307692307693
8 0.7920673076923077 0.6177884615384616 0.07932692307692307 0.09615384615384616
4 0.5492788461538461 0.6802884615384616 0.08413461538461539 0.10096153846153846
4 0.3942307692307692 0.6670673076923077 0.08653846153846154 0.10336538461538461
2 0.4074519230769231 0.5805288461538461 0.08413461538461539 0.09375
2 0.7896634615384616 0.2403846153846154 0.12259615384615384 0.15865384615384615
3 0.49038461538461536 0.21153846153846154 0.11057692307692307 0.14903846153846154
0 0.7259615384615384 0.6141826923076923 0.07692307692307693 0.07932692307692307
1 0.4675480769230769 0.33653846153846156 0.11778846153846154 0.1346153846153846
3 0.6622596153846154 0.23197115384615385 0.11778846153846154 0.1466346153846154
9 0.32572115384615385 0.32091346153846156 0.12740384615384615 0.16105769230769232
4 0.6346153846153846 0.3557692307692308 0.125 0.13942307692307693
5 0.703125 0.6923076923076923 0.08413461538461539 0.10096153846153846