0 0.3485576923076923 0.5769230769230769 0.057692307692307696 0.07211538461538461
0 0.78125 0.6069711538461539 0.07692307692307693 0.07932692307692307
8 0.4795673076923077 0.5841346153846154 0.08413461538461539 0.07692307692307693
6 0.6935096153846154 0.6802884615384616 0.08413461538461539 0.08173076923076923
6 0.7668269230769231 0.6850961538461539 0.08653846153846154 0.08173076923076923
1 0.40625 0.5793269230769231 0.08173076923076923 0.07692307692307693
1 0.6935096153846154 0.5973557692307693 0.09375 0.07932692307692307
5 0.5480769230769231 0.5877403846153846 0.08173076923076923 0.07932692307692307
4 0.39783653846153844 0.6610576923076923 0.0889423076923077 0.08173076923076923
5 0.4723557692307692 0.6658653846153846 0.08413461538461539 0.08173076923076923
0 0.78125 0.24759615384615385 0.08173076923076923 0.10096153846153846
5 0.5432692307692307 0.6682692307692307 0.08653846153846154 0.08173076923076923
2 0.34615384615384615 0.4675480769230769 0.1346153846153846 0.12259615384615384
4 0.7415865384615384 0.36538461538461536 0.13221153846153846 0.1201923076923077
1 0.4567307692307692 0.3425480769230769 0.1346153846153846 0.11778846153846154
1 0.6286057692307693 0.22956730769230768 0.13221153846153846 0.11778846153846154
3 0.6237980769230769 0.359375 0.12740384615384615 0.10817307692307693
9 0.3329326923076923 0.33413461538461536 0.13221153846153846 0.11538461538461539
6 0.4723557692307692 0.21634615384615385 0.11778846153846154 0.1201923076923077
9 0.3449519230769231 0.20673076923076922 0.13701923076923078 0.11538461538461539