4 0.4074519230769231 0.5745192307692307 0.07932692307692307 0.08173076923076923
0 0.35096153846153844 0.5709134615384616 0.057692307692307696 0.07451923076923077
4 0.47836538461538464 0.5793269230769231 0.08173076923076923 0.08173076923076923
6 0.7692307692307693 0.6790865384615384 0.08653846153846154 0.08413461538461539
1 0.7704326923076923 0.5973557692307693 0.0889423076923077 0.08413461538461539
8 0.6875 0.6742788461538461 0.09615384615384616 0.08413461538461539
1 0.6959134615384616 0.5925480769230769 0.0889423076923077 0.07932692307692307
4 0.5504807692307693 0.5829326923076923 0.07692307692307693 0.07932692307692307
3 0.5492788461538461 0.6670673076923077 0.0889423076923077 0.07932692307692307
2 0.35216346153846156 0.4567307692307692 0.13701923076923078 0.125
5 0.39783653846153844 0.6550480769230769 0.0889423076923077 0.08413461538461539
9 0.34615384615384615 0.19471153846153846 0.1346153846153846 0.1201923076923077
2 0.47475961538461536 0.6586538461538461 0.08413461538461539 0.08173076923076923
1 0.4579326923076923 0.3317307692307692 0.12740384615384615 0.1201923076923077
9 0.33413461538461536 0.32211538461538464 0.12980769230769232 0.1201923076923077
3 0.6358173076923077 0.21995192307692307 0.12259615384615384 0.10817307692307693
1 0.7548076923076923 0.2247596153846154 0.125 0.11298076923076923
7 0.47115384615384615 0.203125 0.1346153846153846 0.11778846153846154
2 0.6213942307692307 0.34375 0.12740384615384615 0.125
2 0.7475961538461539 0.35336538461538464 0.12980769230769232 0.125