1 0.38341346153846156 0.5793269230769231 0.08413461538461539 0.08173076923076923
3 0.44471153846153844 0.6706730769230769 0.08173076923076923 0.07692307692307693
7 0.7524038461538461 0.6141826923076923 0.08173076923076923 0.07932692307692307
3 0.34615384615384615 0.4639423076923077 0.14423076923076922 0.11057692307692307
1 0.5240384615384616 0.6742788461538461 0.08173076923076923 0.07932692307692307
6 0.671875 0.6838942307692307 0.07451923076923077 0.08413461538461539
0 0.3245192307692308 0.5733173076923077 0.052884615384615384 0.06971153846153846
0 0.7824519230769231 0.3762019230769231 0.0889423076923077 0.10336538461538461
4 0.36538461538461536 0.6622596153846154 0.09134615384615384 0.08413461538461539
7 0.48677884615384615 0.20793269230769232 0.14182692307692307 0.12259615384615384
7 0.45913461538461536 0.5877403846153846 0.08653846153846154 0.08413461538461539
0 0.6983173076923077 0.6081730769230769 0.055288461538461536 0.07211538461538461
2 0.5372596153846154 0.59375 0.0889423076923077 0.08653846153846154
9 0.7391826923076923 0.6935096153846154 0.08413461538461539 0.07932692307692307
0 0.6802884615384616 0.23677884615384615 0.08653846153846154 0.10817307692307693
9 0.328125 0.32091346153846156 0.14182692307692307 0.12259615384615384
9 0.3557692307692308 0.19110576923076922 0.14423076923076922 0.12259615384615384
4 0.6298076923076923 0.3605769230769231 0.13942307692307693 0.125
1 0.46274038461538464 0.33653846153846156 0.13221153846153846 0.1201923076923077
6 0.7920673076923077 0.24278846153846154 0.11298076923076923 0.11538461538461539