5 0.38100961538461536 0.5913461538461539 0.06971153846153846 0.08173076923076923
3 0.7668269230769231 0.38100961538461536 0.1201923076923077 0.09375
1 0.6526442307692307 0.6165865384615384 0.10336538461538461 0.07451923076923077
0 0.7367788461538461 0.6237980769230769 0.06490384615384616 0.06009615384615385
0 0.6454326923076923 0.6959134615384616 0.06490384615384616 0.06009615384615385
1 0.5204326923076923 0.6045673076923077 0.10336538461538461 0.07932692307692307
7 0.6959134615384616 0.6971153846153846 0.08413461538461539 0.07211538461538461
0 0.5817307692307693 0.6875 0.07211538461538461 0.0625
5 0.7956730769230769 0.24879807692307693 0.14903846153846154 0.12740384615384615
6 0.5060096153846154 0.6814903846153846 0.08413461538461539 0.07451923076923077
9 0.4362980769230769 0.6754807692307693 0.0889423076923077 0.07692307692307693
3 0.4543269230769231 0.6009615384615384 0.09615384615384616 0.07211538461538461
4 0.6754807692307693 0.234375 0.125 0.11778846153846154
0 0.33052884615384615 0.5901442307692307 0.04567307692307692 0.06490384615384616
6 0.36658653846153844 0.6682692307692307 0.08413461538461539 0.07692307692307693
1 0.6382211538461539 0.36899038461538464 0.15144230769230768 0.12259615384615384
7 0.5192307692307693 0.2127403846153846 0.1778846153846154 0.12259615384615384
1 0.48197115384615385 0.3485576923076923 0.14182692307692307 0.1201923076923077
9 0.35697115384615385 0.33774038461538464 0.17067307692307693 0.12259615384615384
9 0.39663461538461536 0.19831730769230768 0.1778846153846154 0.12259615384615384
2 0.35336538461538464 0.47596153846153844 0.16826923076923078 0.125