2 0.6274038461538461 0.7091346153846154 0.08173076923076923 0.07692307692307693
0 0.578125 0.703125 0.06971153846153846 0.06490384615384616
0 0.7271634615384616 0.6382211538461539 0.06971153846153846 0.06490384615384616
5 0.6899038461538461 0.7115384615384616 0.08653846153846154 0.07692307692307693
6 0.7512019230769231 0.3942307692307692 0.11298076923076923 0.11057692307692307
5 0.5204326923076923 0.6153846153846154 0.09375 0.07692307692307693
1 0.6490384615384616 0.6298076923076923 0.10096153846153846 0.07211538461538461
4 0.453125 0.6117788461538461 0.0889423076923077 0.07932692307692307
0 0.6622596153846154 0.390625 0.10336538461538461 0.10817307692307693
5 0.38822115384615385 0.6069711538461539 0.09375 0.07932692307692307
1 0.31971153846153844 0.6021634615384616 0.10096153846153846 0.07932692307692307
6 0.5060096153846154 0.6947115384615384 0.08413461538461539 0.07692307692307693
0 0.4254807692307692 0.22596153846153846 0.11057692307692307 0.1201923076923077
5 0.43509615384615385 0.6887019230769231 0.08653846153846154 0.07932692307692307
3 0.7956730769230769 0.27163461538461536 0.14423076923076922 0.10576923076923077
6 0.3737980769230769 0.6838942307692307 0.07932692307692307 0.06971153846153846
4 0.6682692307692307 0.25240384615384615 0.12980769230769232 0.1201923076923077
1 0.48677884615384615 0.36538461538461536 0.14182692307692307 0.1201923076923077
2 0.359375 0.49158653846153844 0.15625 0.12259615384615384
2 0.5252403846153846 0.234375 0.14182692307692307 0.12740384615384615
9 0.3629807692307692 0.35096153846153844 0.16346153846153846 0.125