8 0.4831730769230769 0.5901442307692307 0.08653846153846154 0.07932692307692307
0 0.42908653846153844 0.5853365384615384 0.055288461538461536 0.07451923076923077
0 0.7776442307692307 0.6875 0.06490384615384616 0.07692307692307693
0 0.7896634615384616 0.6105769230769231 0.06971153846153846 0.07211538461538461
4 0.4014423076923077 0.6634615384615384 0.08653846153846154 0.08173076923076923
7 0.6911057692307693 0.6826923076923077 0.09375 0.08173076923076923
7 0.47596153846153844 0.6682692307692307 0.08653846153846154 0.07692307692307693
0 0.3545673076923077 0.5841346153846154 0.06490384615384616 0.07211538461538461
9 0.5528846153846154 0.59375 0.09134615384615384 0.07692307692307693
9 0.546875 0.6730769230769231 0.0889423076923077 0.08173076923076923
1 0.6983173076923077 0.6021634615384616 0.09375 0.07932692307692307
1 0.46033653846153844 0.35096153846153844 0.13221153846153846 0.1201923076923077
5 0.4675480769230769 0.22596153846153846 0.13701923076923078 0.1201923076923077
6 0.7620192307692307 0.24759615384615385 0.1201923076923077 0.11538461538461539
2 0.3545673076923077 0.47115384615384615 0.13221153846153846 0.1201923076923077
3 0.6237980769230769 0.36658653846153844 0.13701923076923078 0.10817307692307693
3 0.6370192307692307 0.24278846153846154 0.12980769230769232 0.10576923076923077
2 0.75 0.3701923076923077 0.1346153846153846 0.11538461538461539
9 0.34975961538461536 0.21634615384615385 0.13221153846153846 0.11538461538461539
9 0.33774038461538464 0.34134615384615385 0.13221153846153846 0.11538461538461539