0 0.29927884615384615 0.5757211538461539 0.055288461538461536 0.07451923076923077
1 0.6742788461538461 0.6141826923076923 0.0889423076923077 0.08413461538461539
6 0.6742788461538461 0.6947115384615384 0.07932692307692307 0.08653846153846154
7 0.7451923076923077 0.7055288461538461 0.08653846153846154 0.08413461538461539
4 0.7463942307692307 0.25600961538461536 0.12740384615384615 0.11778846153846154
4 0.5216346153846154 0.5985576923076923 0.08653846153846154 0.08653846153846154
8 0.5132211538461539 0.6814903846153846 0.0889423076923077 0.0889423076923077
4 0.3473557692307692 0.6670673076923077 0.0889423076923077 0.08413461538461539
9 0.7548076923076923 0.6237980769230769 0.09134615384615384 0.08413461538461539
4 0.7331730769230769 0.3798076923076923 0.1346153846153846 0.1201923076923077
5 0.42908653846153844 0.6730769230769231 0.0889423076923077 0.08653846153846154
9 0.3605769230769231 0.5817307692307693 0.09134615384615384 0.08173076923076923
2 0.4411057692307692 0.5913461538461539 0.0889423076923077 0.08653846153846154
3 0.31490384615384615 0.46634615384615385 0.14423076923076922 0.11057692307692307
3 0.6105769230769231 0.36658653846153844 0.13942307692307693 0.11298076923076923
5 0.44711538461538464 0.21394230769230768 0.1346153846153846 0.1201923076923077
2 0.6237980769230769 0.23798076923076922 0.13221153846153846 0.125
9 0.31490384615384615 0.19831730769230768 0.14903846153846154 0.12259615384615384
1 0.4326923076923077 0.3401442307692308 0.1346153846153846 0.12259615384615384
9 0.29447115384615385 0.3233173076923077 0.14182692307692307 0.12259615384615384