2 0.7151442307692307 0.6153846153846154 0.08413461538461539 0.0673076923076923
1 0.6490384615384616 0.609375 0.09134615384615384 0.06971153846153846
7 0.4543269230769231 0.5925480769230769 0.09615384615384616 0.07451923076923077
8 0.75 0.38461538461538464 0.12980769230769232 0.11538461538461539
9 0.6730769230769231 0.24639423076923078 0.13942307692307693 0.11298076923076923
5 0.6947115384615384 0.6862980769230769 0.08653846153846154 0.06971153846153846
0 0.5793269230769231 0.6802884615384616 0.0673076923076923 0.0625
1 0.5228365384615384 0.5985576923076923 0.0889423076923077 0.07692307692307693
9 0.6310096153846154 0.6826923076923077 0.08413461538461539 0.07211538461538461
5 0.43149038461538464 0.6670673076923077 0.0889423076923077 0.07451923076923077
5 0.38461538461538464 0.5865384615384616 0.09134615384615384 0.07692307692307693
3 0.796875 0.2668269230769231 0.14182692307692307 0.10576923076923077
3 0.5300480769230769 0.234375 0.13701923076923078 0.10336538461538461
5 0.4963942307692308 0.6730769230769231 0.09375 0.07211538461538461
1 0.6346153846153846 0.375 0.14423076923076922 0.1201923076923077
5 0.36538461538461536 0.6610576923076923 0.09615384615384616 0.07211538461538461
1 0.484375 0.3557692307692308 0.13221153846153846 0.11057692307692307
9 0.40024038461538464 0.21514423076923078 0.18028846153846154 0.12259615384615384
2 0.3581730769230769 0.47836538461538464 0.15865384615384615 0.11538461538461539
9 0.3629807692307692 0.3425480769230769 0.16346153846153846 0.11778846153846154