0 0.47836538461538464 0.5913461538461539 0.08653846153846154 0.08653846153846154
1 0.4651442307692308 0.6742788461538461 0.08413461538461539 0.0985576923076923
7 0.5504807692307693 0.5985576923076923 0.08173076923076923 0.10096153846153846
0 0.36658653846153844 0.1971153846153846 0.12259615384615384 0.1201923076923077
7 0.39663461538461536 0.5829326923076923 0.08173076923076923 0.10336538461538461
1 0.3161057692307692 0.5745192307692307 0.08413461538461539 0.10096153846153846
0 0.71875 0.6141826923076923 0.07211538461538461 0.06971153846153846
2 0.34134615384615385 0.4651442307692308 0.1346153846153846 0.1658653846153846
4 0.7704326923076923 0.7019230769230769 0.08413461538461539 0.10096153846153846
5 0.7608173076923077 0.3713942307692308 0.12259615384615384 0.15144230769230768
4 0.6262019230769231 0.35697115384615385 0.12259615384615384 0.14182692307692307
5 0.6959134615384616 0.6959134615384616 0.08413461538461539 0.10336538461538461
7 0.78125 0.24158653846153846 0.11538461538461539 0.15144230769230768
2 0.5456730769230769 0.6802884615384616 0.08653846153846154 0.10096153846153846
7 0.7836538461538461 0.6177884615384616 0.07692307692307693 0.10096153846153846
9 0.31850961538461536 0.32211538461538464 0.12740384615384615 0.17307692307692307
4 0.38341346153846156 0.6670673076923077 0.08413461538461539 0.10336538461538461
1 0.45913461538461536 0.33653846153846156 0.1201923076923077 0.13942307692307693
9 0.6454326923076923 0.22596153846153846 0.11778846153846154 0.15865384615384615
6 0.4891826923076923 0.20793269230769232 0.12259615384615384 0.13221153846153846