0 0.5564903846153846 0.6790865384615384 0.06009615384615385 0.07451923076923077
4 0.41346153846153844 0.5805288461538461 0.08173076923076923 0.07932692307692307
8 0.7524038461538461 0.6201923076923077 0.08173076923076923 0.07692307692307693
6 0.47716346153846156 0.6658653846153846 0.07451923076923077 0.08173076923076923
1 0.484375 0.5877403846153846 0.07932692307692307 0.07932692307692307
8 0.7391826923076923 0.6971153846153846 0.07932692307692307 0.08173076923076923
0 0.6995192307692307 0.6165865384615384 0.057692307692307696 0.06971153846153846
7 0.5516826923076923 0.5949519230769231 0.08413461538461539 0.07932692307692307
6 0.6778846153846154 0.6862980769230769 0.07211538461538461 0.07451923076923077
4 0.3954326923076923 0.6586538461538461 0.0889423076923077 0.08173076923076923
3 0.7836538461538461 0.2692307692307692 0.1201923076923077 0.10576923076923077
3 0.7620192307692307 0.390625 0.1201923076923077 0.10817307692307693
3 0.6466346153846154 0.3737980769230769 0.12980769230769232 0.11298076923076923
9 0.6658653846153846 0.24759615384615385 0.1346153846153846 0.11538461538461539
9 0.39663461538461536 0.20432692307692307 0.13942307692307693 0.1201923076923077
2 0.37259615384615385 0.46634615384615385 0.14423076923076922 0.125
9 0.36658653846153844 0.33052884615384615 0.13701923076923078 0.11778846153846154
1 0.49158653846153844 0.34615384615384615 0.12740384615384615 0.1201923076923077
2 0.515625 0.22235576923076922 0.12740384615384615 0.11778846153846154