0 0.7439903846153846 0.6310096153846154 0.07451923076923077 0.06490384615384616
0 0.5901442307692307 0.6947115384615384 0.06971153846153846 0.0625
1 0.6418269230769231 0.6995192307692307 0.08173076923076923 0.07211538461538461
1 0.4519230769230769 0.6826923076923077 0.08653846153846154 0.07211538461538461
7 0.8028846153846154 0.2668269230769231 0.15384615384615385 0.1201923076923077
8 0.40384615384615385 0.5985576923076923 0.09615384615384616 0.07692307692307693
1 0.7043269230769231 0.7019230769230769 0.08653846153846154 0.07211538461538461
2 0.5360576923076923 0.6081730769230769 0.08653846153846154 0.07692307692307693
6 0.3858173076923077 0.6742788461538461 0.08413461538461539 0.07451923076923077
0 0.48197115384615385 0.6069711538461539 0.07451923076923077 0.06971153846153846
0 0.5264423076923077 0.6875 0.0673076923076923 0.0625
1 0.6622596153846154 0.6225961538461539 0.09375 0.07211538461538461
9 0.6887019230769231 0.2536057692307692 0.13221153846153846 0.11778846153846154
1 0.33413461538461536 0.5949519230769231 0.10096153846153846 0.07932692307692307
4 0.5360576923076923 0.23317307692307693 0.14423076923076922 0.125
1 0.7644230769230769 0.3918269230769231 0.1346153846153846 0.11057692307692307
0 0.4375 0.22596153846153846 0.11057692307692307 0.11538461538461539
1 0.6478365384615384 0.38221153846153844 0.14182692307692307 0.11538461538461539
1 0.4987980769230769 0.3629807692307692 0.13701923076923078 0.11538461538461539
2 0.37259615384615385 0.4879807692307692 0.15865384615384615 0.125
9 0.3762019230769231 0.35216346153846156 0.16105769230769232 0.12259615384615384