7 0.7139423076923077 0.6057692307692307 0.09615384615384616 0.07211538461538461
9 0.38221153846153844 0.5769230769230769 0.09615384615384616 0.07211538461538461
6 0.7596153846153846 0.3762019230769231 0.11057692307692307 0.10817307692307693
4 0.6947115384615384 0.6778846153846154 0.08653846153846154 0.07211538461538461
5 0.42788461538461536 0.6574519230769231 0.08653846153846154 0.07451923076923077
1 0.796875 0.2536057692307692 0.13221153846153846 0.12259615384615384
0 0.5372596153846154 0.5889423076923077 0.06971153846153846 0.0673076923076923
6 0.6346153846153846 0.6694711538461539 0.08173076923076923 0.06971153846153846
3 0.6814903846153846 0.24158653846153846 0.10817307692307693 0.0985576923076923
4 0.359375 0.6526442307692307 0.09375 0.07451923076923077
3 0.3173076923076923 0.5733173076923077 0.08653846153846154 0.06971153846153846
3 0.6394230769230769 0.36899038461538464 0.14423076923076922 0.10817307692307693
9 0.4987980769230769 0.6610576923076923 0.0985576923076923 0.07211538461538461
1 0.48197115384615385 0.3473557692307692 0.13701923076923078 0.11778846153846154
6 0.4567307692307692 0.5805288461538461 0.08173076923076923 0.07451923076923077
1 0.39663461538461536 0.203125 0.14903846153846154 0.12259615384615384
9 0.3557692307692308 0.33533653846153844 0.15865384615384615 0.11778846153846154
9 0.5180288461538461 0.22115384615384615 0.15625 0.1201923076923077
2 0.35096153846153844 0.4675480769230769 0.15865384615384615 0.12259615384615384