0 0.3245192307692308 0.5949519230769231 0.052884615384615384 0.06971153846153846
9 0.38461538461538464 0.6021634615384616 0.08653846153846154 0.07932692307692307
7 0.6442307692307693 0.7103365384615384 0.08173076923076923 0.07932692307692307
4 0.3605769230769231 0.6778846153846154 0.08173076923076923 0.08173076923076923
1 0.7199519230769231 0.7163461538461539 0.07932692307692307 0.07692307692307693
9 0.34375 0.34975961538461536 0.13942307692307693 0.12259615384615384
9 0.796875 0.2764423076923077 0.13701923076923078 0.1201923076923077
7 0.4338942307692308 0.6862980769230769 0.08413461538461539 0.07932692307692307
4 0.453125 0.6081730769230769 0.07932692307692307 0.07692307692307693
3 0.5276442307692307 0.6189903846153846 0.07932692307692307 0.06971153846153846
1 0.6658653846153846 0.6310096153846154 0.08653846153846154 0.07932692307692307
1 0.3449519230769231 0.4891826923076923 0.14182692307692307 0.12740384615384615
3 0.5108173076923077 0.6947115384615384 0.07932692307692307 0.07211538461538461
1 0.4735576923076923 0.3701923076923077 0.1346153846153846 0.125
1 0.7403846153846154 0.6418269230769231 0.08173076923076923 0.08173076923076923
1 0.7632211538461539 0.4026442307692308 0.12740384615384615 0.11298076923076923
0 0.7019230769230769 0.265625 0.08173076923076923 0.10817307692307693
9 0.3762019230769231 0.21875 0.14182692307692307 0.12980769230769232
3 0.640625 0.3918269230769231 0.12740384615384615 0.11057692307692307
5 0.5024038461538461 0.23798076923076922 0.1346153846153846 0.125