9 0.4891826923076923 0.5841346153846154 0.08413461538461539 0.08173076923076923
0 0.7788461538461539 0.3858173076923077 0.08173076923076923 0.10817307692307693
6 0.41586538461538464 0.5733173076923077 0.08173076923076923 0.07932692307692307
8 0.7692307692307693 0.6201923076923077 0.08173076923076923 0.07692307692307693
0 0.7115384615384616 0.6117788461538461 0.0625 0.07451923076923077
7 0.6838942307692307 0.6911057692307693 0.0889423076923077 0.07932692307692307
7 0.546875 0.671875 0.08413461538461539 0.07932692307692307
4 0.39903846153846156 0.6550480769230769 0.08653846153846154 0.08413461538461539
7 0.5576923076923077 0.5925480769230769 0.09615384615384616 0.08413461538461539
7 0.47596153846153844 0.6634615384615384 0.08653846153846154 0.08173076923076923
4 0.6538461538461539 0.23918269230769232 0.125 0.11778846153846154
3 0.7608173076923077 0.7007211538461539 0.08413461538461539 0.07451923076923077
7 0.7716346153846154 0.25841346153846156 0.13942307692307693 0.11778846153846154
9 0.3798076923076923 0.19471153846153846 0.13942307692307693 0.1201923076923077
1 0.48197115384615385 0.3401442307692308 0.13221153846153846 0.12259615384615384
9 0.3557692307692308 0.31971153846153844 0.13942307692307693 0.1201923076923077
2 0.36899038461538464 0.46033653846153844 0.1466346153846154 0.12259615384615384
3 0.6430288461538461 0.36778846153846156 0.13701923076923078 0.11057692307692307
2 0.5024038461538461 0.21634615384615385 0.1346153846153846 0.1201923076923077