0 0.5396634615384616 0.6165865384615384 0.06009615384615385 0.06971153846153846
8 0.375 0.5985576923076923 0.09134615384615384 0.08173076923076923
7 0.6490384615384616 0.7043269230769231 0.08653846153846154 0.08173076923076923
4 0.44591346153846156 0.6069711538461539 0.07932692307692307 0.07932692307692307
6 0.4362980769230769 0.6814903846153846 0.07451923076923077 0.07451923076923077
4 0.5060096153846154 0.6887019230769231 0.07932692307692307 0.07932692307692307
9 0.7199519230769231 0.7127403846153846 0.08413461538461539 0.07932692307692307
1 0.6694711538461539 0.6286057692307693 0.0889423076923077 0.07932692307692307
4 0.35216346153846156 0.6742788461538461 0.08413461538461539 0.07932692307692307
2 0.6754807692307693 0.2608173076923077 0.1346153846153846 0.12259615384615384
1 0.7403846153846154 0.6358173076923077 0.08173076923076923 0.07451923076923077
1 0.33774038461538464 0.4879807692307692 0.13701923076923078 0.125
3 0.6442307692307693 0.390625 0.13942307692307693 0.11298076923076923
3 0.7752403846153846 0.40865384615384615 0.13701923076923078 0.11538461538461539
1 0.46875 0.36899038461538464 0.1346153846153846 0.12259615384615384
9 0.33533653846153844 0.35336538461538464 0.14182692307692307 0.125
4 0.7956730769230769 0.2764423076923077 0.1346153846153846 0.125
4 0.4987980769230769 0.2403846153846154 0.13221153846153846 0.125
9 0.36658653846153844 0.22235576923076922 0.15144230769230768 0.12740384615384615