8 0.4074519230769231 0.5865384615384616 0.07932692307692307 0.08173076923076923
0 0.7752403846153846 0.6129807692307693 0.06009615384615385 0.07692307692307693
0 0.35096153846153844 0.5841346153846154 0.057692307692307696 0.07211538461538461
0 0.3737980769230769 0.22115384615384615 0.07932692307692307 0.11057692307692307
8 0.5444711538461539 0.5961538461538461 0.08413461538461539 0.08173076923076923
0 0.6983173076923077 0.6838942307692307 0.055288461538461536 0.07451923076923077
7 0.47836538461538464 0.5901442307692307 0.08653846153846154 0.07932692307692307
1 0.7524038461538461 0.6887019230769231 0.08653846153846154 0.07932692307692307
7 0.47115384615384615 0.6682692307692307 0.08173076923076923 0.07692307692307693
4 0.5396634615384616 0.6754807692307693 0.08413461538461539 0.08173076923076923
0 0.6298076923076923 0.6826923076923077 0.0625 0.07211538461538461
1 0.6875 0.6033653846153846 0.08653846153846154 0.07692307692307693
1 0.6117788461538461 0.3605769230769231 0.12259615384615384 0.11538461538461539
5 0.40024038461538464 0.6646634615384616 0.08413461538461539 0.07932692307692307
1 0.4567307692307692 0.35096153846153844 0.125 0.1201923076923077
9 0.4675480769230769 0.22596153846153846 0.12740384615384615 0.11057692307692307
2 0.3557692307692308 0.4723557692307692 0.12980769230769232 0.12259615384615384
5 0.7319711538461539 0.3713942307692308 0.12740384615384615 0.11778846153846154
3 0.7487980769230769 0.2512019230769231 0.12740384615384615 0.10817307692307693
9 0.33774038461538464 0.34134615384615385 0.13221153846153846 0.11538461538461539
4 0.6213942307692307 0.23918269230769232 0.12740384615384615 0.12259615384615384