0 0.42788461538461536 0.5745192307692307 0.052884615384615384 0.07211538461538461
6 0.4098557692307692 0.6514423076923077 0.07451923076923077 0.08173076923076923
1 0.4795673076923077 0.578125 0.08413461538461539 0.07932692307692307
0 0.35697115384615385 0.5709134615384616 0.06490384615384616 0.07451923076923077
6 0.6790865384615384 0.671875 0.08413461538461539 0.08413461538461539
3 0.5504807692307693 0.5865384615384616 0.07692307692307693 0.07692307692307693
9 0.7475961538461539 0.5961538461538461 0.09134615384615384 0.08173076923076923
3 0.7475961538461539 0.6790865384615384 0.08653846153846154 0.07932692307692307
5 0.5396634615384616 0.6634615384615384 0.08413461538461539 0.08653846153846154
5 0.47475961538461536 0.6586538461538461 0.07932692307692307 0.08173076923076923
1 0.45913461538461536 0.3329326923076923 0.125 0.12259615384615384
3 0.7427884615384616 0.234375 0.1201923076923077 0.10817307692307693
3 0.6141826923076923 0.35336538461538464 0.12259615384615384 0.11057692307692307
2 0.3557692307692308 0.45913461538461536 0.1346153846153846 0.125
7 0.7271634615384616 0.3557692307692308 0.13221153846153846 0.11538461538461539
9 0.34134615384615385 0.3233173076923077 0.12980769230769232 0.12259615384615384
1 0.6213942307692307 0.21995192307692307 0.12259615384615384 0.11778846153846154
5 0.4675480769230769 0.20673076923076922 0.12740384615384615 0.1201923076923077
9 0.35336538461538464 0.19591346153846154 0.12980769230769232 0.11778846153846154