0 0.6502403846153846 0.2512019230769231 0.0889423076923077 0.10336538461538461
4 0.47716346153846156 0.5949519230769231 0.07932692307692307 0.07932692307692307
4 0.5480769230769231 0.5985576923076923 0.07692307692307693 0.07692307692307693
0 0.375 0.2247596153846154 0.08173076923076923 0.10817307692307693
7 0.40625 0.5901442307692307 0.08173076923076923 0.07932692307692307
8 0.7536057692307693 0.6923076923076923 0.0889423076923077 0.08653846153846154
0 0.34975961538461536 0.5877403846153846 0.055288461538461536 0.06971153846153846
8 0.6802884615384616 0.6875 0.09134615384615384 0.08173076923076923
1 0.7608173076923077 0.6129807692307693 0.08413461538461539 0.08173076923076923
9 0.5432692307692307 0.6778846153846154 0.08653846153846154 0.08173076923076923
1 0.6875 0.6069711538461539 0.08653846153846154 0.07932692307692307
3 0.47475961538461536 0.6742788461538461 0.07932692307692307 0.07451923076923077
9 0.46875 0.22956730769230768 0.12980769230769232 0.11298076923076923
5 0.39783653846153844 0.6670673076923077 0.08413461538461539 0.07932692307692307
3 0.75 0.25721153846153844 0.1346153846153846 0.10576923076923077
2 0.3545673076923077 0.47716346153846156 0.13221153846153846 0.12259615384615384
1 0.4567307692307692 0.35336538461538464 0.125 0.1201923076923077
1 0.7355769230769231 0.375 0.125 0.11057692307692307
2 0.6129807692307693 0.36778846153846156 0.125 0.1201923076923077
9 0.33533653846153844 0.3449519230769231 0.13221153846153846 0.11778846153846154