0 0.6730769230769231 0.24639423076923078 0.10576923076923077 0.0985576923076923
1 0.7680288461538461 0.703125 0.07451923076923077 0.08413461538461539
0 0.38341346153846156 0.2127403846153846 0.11298076923076923 0.11298076923076923
1 0.3401442307692308 0.5805288461538461 0.07932692307692307 0.10336538461538461
7 0.4855769230769231 0.5961538461538461 0.08173076923076923 0.10096153846153846
0 0.7163461538461539 0.6177884615384616 0.07211538461538461 0.07692307692307693
8 0.7800480769230769 0.6213942307692307 0.07451923076923077 0.09375
0 0.5757211538461539 0.6033653846153846 0.07451923076923077 0.07211538461538461
3 0.41346153846153844 0.5901442307692307 0.07211538461538461 0.0889423076923077
8 0.5540865384615384 0.6826923076923077 0.07932692307692307 0.10096153846153846
3 0.4807692307692308 0.6790865384615384 0.07211538461538461 0.0985576923076923
3 0.6370192307692307 0.3701923076923077 0.10576923076923077 0.14423076923076922
8 0.7800480769230769 0.25721153846153844 0.11778846153846154 0.15384615384615385
8 0.7632211538461539 0.38221153846153844 0.11298076923076923 0.13942307692307693
4 0.4026442307692308 0.6694711538461539 0.07932692307692307 0.0985576923076923
1 0.47596153846153844 0.3485576923076923 0.11538461538461539 0.13942307692307693
6 0.6983173076923077 0.6935096153846154 0.07932692307692307 0.0889423076923077
2 0.36538461538461536 0.47115384615384615 0.1201923076923077 0.15384615384615385
4 0.4891826923076923 0.22115384615384615 0.11778846153846154 0.14423076923076922
9 0.34134615384615385 0.33533653846153844 0.1201923076923077 0.15625