0 0.3449519230769231 0.5817307692307693 0.06009615384615385 0.07211538461538461
0 0.3701923076923077 0.21995192307692307 0.08173076923076923 0.11298076923076923
5 0.4723557692307692 0.5865384615384616 0.08413461538461539 0.08173076923076923
8 0.5408653846153846 0.5925480769230769 0.08653846153846154 0.07932692307692307
8 0.40384615384615385 0.5841346153846154 0.08173076923076923 0.07692307692307693
0 0.6971153846153846 0.6826923076923077 0.057692307692307696 0.07211538461538461
7 0.4699519230769231 0.6658653846153846 0.08413461538461539 0.08173076923076923
1 0.6850961538461539 0.6009615384615384 0.08653846153846154 0.07692307692307693
0 0.6262019230769231 0.6790865384615384 0.06009615384615385 0.07451923076923077
9 0.7584134615384616 0.6057692307692307 0.0889423076923077 0.07692307692307693
9 0.5408653846153846 0.671875 0.08653846153846154 0.07932692307692307
8 0.7427884615384616 0.24759615384615385 0.13942307692307693 0.1201923076923077
9 0.7524038461538461 0.6875 0.08653846153846154 0.08173076923076923
1 0.6117788461538461 0.3605769230769231 0.12740384615384615 0.1201923076923077
2 0.35336538461538464 0.4699519230769231 0.125 0.12259615384615384
3 0.6298076923076923 0.24158653846153846 0.125 0.10336538461538461
6 0.7439903846153846 0.36778846153846156 0.11778846153846154 0.11538461538461539
5 0.3954326923076923 0.6610576923076923 0.08413461538461539 0.08173076923076923
1 0.4543269230769231 0.34615384615384615 0.125 0.1201923076923077
9 0.46634615384615385 0.2247596153846154 0.1346153846153846 0.11298076923076923
9 0.3317307692307692 0.3401442307692308 0.1346153846153846 0.11778846153846154