0 0.35216346153846156 0.5793269230769231 0.06009615384615385 0.07211538461538461
8 0.40865384615384615 0.5829326923076923 0.08173076923076923 0.07932692307692307
0 0.49038461538461536 0.6682692307692307 0.057692307692307696 0.07211538461538461
0 0.4951923076923077 0.5889423076923077 0.057692307692307696 0.07692307692307693
0 0.3786057692307692 0.21394230769230768 0.07451923076923077 0.10576923076923077
1 0.7548076923076923 0.6850961538461539 0.08653846153846154 0.08173076923076923
0 0.7776442307692307 0.609375 0.06009615384615385 0.07451923076923077
8 0.6838942307692307 0.6802884615384616 0.0889423076923077 0.08653846153846154
0 0.5673076923076923 0.5925480769230769 0.057692307692307696 0.07451923076923077
1 0.6911057692307693 0.5997596153846154 0.0889423076923077 0.07932692307692307
7 0.546875 0.6706730769230769 0.07932692307692307 0.08173076923076923
0 0.7752403846153846 0.24639423076923078 0.07932692307692307 0.0985576923076923
1 0.46033653846153844 0.3425480769230769 0.12259615384615384 0.11778846153846154
5 0.4014423076923077 0.6622596153846154 0.08653846153846154 0.08413461538461539
9 0.4699519230769231 0.21875 0.12740384615384615 0.11538461538461539
2 0.359375 0.4675480769230769 0.12740384615384615 0.12259615384615384
5 0.734375 0.3641826923076923 0.13221153846153846 0.11778846153846154
9 0.3389423076923077 0.33533653846153844 0.12980769230769232 0.11778846153846154
2 0.6141826923076923 0.3581730769230769 0.12740384615384615 0.1201923076923077
2 0.6286057692307693 0.23197115384615385 0.12740384615384615 0.12259615384615384