8 0.5528846153846154 0.5949519230769231 0.08173076923076923 0.0985576923076923
0 0.3701923076923077 0.19951923076923078 0.11538461538461539 0.11057692307692307
0 0.65625 0.3641826923076923 0.10096153846153846 0.0985576923076923
8 0.7668269230769231 0.6995192307692307 0.07692307692307693 0.09615384615384616
1 0.3233173076923077 0.5745192307692307 0.08413461538461539 0.10096153846153846
8 0.5444711538461539 0.6802884615384616 0.07932692307692307 0.10096153846153846
0 0.7151442307692307 0.6129807692307693 0.07451923076923077 0.07211538461538461
2 0.34975961538461536 0.46274038461538464 0.12740384615384615 0.15625
3 0.6971153846153846 0.6947115384615384 0.07211538461538461 0.10096153846153846
3 0.39663461538461536 0.6670673076923077 0.07211538461538461 0.0985576923076923
5 0.47475961538461536 0.5901442307692307 0.08413461538461539 0.0985576923076923
1 0.7584134615384616 0.3713942307692308 0.11778846153846154 0.14182692307692307
7 0.7788461538461539 0.6189903846153846 0.07692307692307693 0.0985576923076923
9 0.4014423076923077 0.5817307692307693 0.08173076923076923 0.10096153846153846
1 0.4807692307692308 0.2091346153846154 0.1201923076923077 0.14423076923076922
5 0.4675480769230769 0.671875 0.08413461538461539 0.0985576923076923
4 0.6442307692307693 0.2283653846153846 0.125 0.14423076923076922
2 0.4639423076923077 0.3401442307692308 0.125 0.1466346153846154
9 0.7740384615384616 0.24278846153846154 0.1201923076923077 0.15384615384615385
9 0.3269230769230769 0.3245192307692308 0.12980769230769232 0.16346153846153846