5 0.6935096153846154 0.6899038461538461 0.08413461538461539 0.10096153846153846
1 0.46634615384615385 0.6670673076923077 0.08173076923076923 0.09375
8 0.5528846153846154 0.59375 0.08173076923076923 0.10096153846153846
2 0.34375 0.46153846153846156 0.1346153846153846 0.16346153846153846
0 0.36778846153846156 0.1935096153846154 0.11538461538461539 0.11298076923076923
0 0.7163461538461539 0.6105769230769231 0.07211538461538461 0.07211538461538461
1 0.5444711538461539 0.6754807692307693 0.08413461538461539 0.10096153846153846
8 0.7800480769230769 0.6129807692307693 0.07932692307692307 0.09615384615384616
1 0.32211538461538464 0.5709134615384616 0.08173076923076923 0.0985576923076923
5 0.40024038461538464 0.5793269230769231 0.08413461538461539 0.09615384615384616
4 0.390625 0.6622596153846154 0.08413461538461539 0.10336538461538461
4 0.765625 0.6983173076923077 0.08413461538461539 0.09375
1 0.46274038461538464 0.33653846153846156 0.12259615384615384 0.14423076923076922
6 0.7848557692307693 0.23798076923076922 0.11778846153846154 0.125
9 0.3233173076923077 0.31850961538461536 0.12259615384615384 0.1658653846153846
5 0.7584134615384616 0.36778846153846156 0.12259615384615384 0.15384615384615385
9 0.47475961538461536 0.5877403846153846 0.08413461538461539 0.10336538461538461
4 0.6274038461538461 0.3545673076923077 0.1201923076923077 0.1466346153846154
4 0.47836538461538464 0.20432692307692307 0.1201923076923077 0.14423076923076922
4 0.6454326923076923 0.2247596153846154 0.12740384615384615 0.15144230769230768