0 0.34375 0.5817307692307693 0.057692307692307696 0.07211538461538461
0 0.5649038461538461 0.5985576923076923 0.0625 0.07692307692307693
5 0.7644230769230769 0.6899038461538461 0.08653846153846154 0.08653846153846154
0 0.7836538461538461 0.6129807692307693 0.07211538461538461 0.07692307692307693
6 0.6923076923076923 0.6838942307692307 0.08653846153846154 0.08413461538461539
5 0.47596153846153844 0.5901442307692307 0.08653846153846154 0.07932692307692307
0 0.6586538461538461 0.24278846153846154 0.08173076923076923 0.10576923076923077
1 0.40384615384615385 0.5853365384615384 0.08173076923076923 0.07932692307692307
4 0.3954326923076923 0.6658653846153846 0.0889423076923077 0.08173076923076923
1 0.6959134615384616 0.6045673076923077 0.09375 0.07932692307692307
5 0.4675480769230769 0.6682692307692307 0.08413461538461539 0.08173076923076923
1 0.5444711538461539 0.6742788461538461 0.0889423076923077 0.07932692307692307
1 0.45552884615384615 0.3485576923076923 0.13221153846153846 0.1201923076923077
5 0.7403846153846154 0.3713942307692308 0.1346153846153846 0.12259615384615384
2 0.3449519230769231 0.4735576923076923 0.14182692307692307 0.125
3 0.6177884615384616 0.3641826923076923 0.12980769230769232 0.11298076923076923
6 0.4735576923076923 0.2247596153846154 0.125 0.12259615384615384
9 0.7524038461538461 0.24639423076923078 0.13942307692307693 0.11778846153846154
9 0.3293269230769231 0.3401442307692308 0.1346153846153846 0.11778846153846154
9 0.34134615384615385 0.21394230769230768 0.14423076923076922 0.11538461538461539