7 0.6887019230769231 0.6923076923076923 0.08413461538461539 0.08173076923076923
8 0.5625 0.5949519230769231 0.09134615384615384 0.08413461538461539
8 0.48677884615384615 0.5877403846153846 0.0889423076923077 0.07932692307692307
4 0.41346153846153844 0.5769230769230769 0.08653846153846154 0.08173076923076923
8 0.7728365384615384 0.6225961538461539 0.08413461538461539 0.07692307692307693
4 0.5492788461538461 0.6778846153846154 0.0889423076923077 0.08653846153846154
0 0.7151442307692307 0.6177884615384616 0.06490384615384616 0.07211538461538461
8 0.47475961538461536 0.6682692307692307 0.0889423076923077 0.08173076923076923
4 0.4014423076923077 0.6586538461538461 0.09134615384615384 0.08653846153846154
5 0.7596153846153846 0.7043269230769231 0.08173076923076923 0.08173076923076923
3 0.6454326923076923 0.36778846153846156 0.13221153846153846 0.11057692307692307
9 0.3798076923076923 0.1971153846153846 0.14423076923076922 0.1201923076923077
9 0.35697115384615385 0.3233173076923077 0.14182692307692307 0.12259615384615384
1 0.6586538461538461 0.2403846153846154 0.1346153846153846 0.1201923076923077
1 0.484375 0.34134615384615385 0.13221153846153846 0.1201923076923077
2 0.7776442307692307 0.25721153846153844 0.12740384615384615 0.11538461538461539
2 0.36899038461538464 0.46274038461538464 0.15144230769230768 0.12740384615384615
9 0.7608173076923077 0.38221153846153844 0.13701923076923078 0.1201923076923077
2 0.5048076923076923 0.21634615384615385 0.1346153846153846 0.1201923076923077