1 0.33052884615384615 0.5733173076923077 0.08413461538461539 0.10336538461538461
8 0.5576923076923077 0.5961538461538461 0.08173076923076923 0.09615384615384616
7 0.4807692307692308 0.5901442307692307 0.08173076923076923 0.10336538461538461
8 0.5504807692307693 0.6790865384615384 0.08173076923076923 0.10336538461538461
8 0.7848557692307693 0.6177884615384616 0.07451923076923077 0.09615384615384616
0 0.38100961538461536 0.19831730769230768 0.11778846153846154 0.11298076923076923
0 0.7860576923076923 0.3762019230769231 0.10576923076923077 0.10336538461538461
3 0.6574519230769231 0.23197115384615385 0.11298076923076923 0.14182692307692307
2 0.47475961538461536 0.6706730769230769 0.07932692307692307 0.09134615384615384
4 0.4074519230769231 0.5817307692307693 0.08413461538461539 0.09134615384615384
8 0.78125 0.24158653846153846 0.11538461538461539 0.15144230769230768
0 0.7199519230769231 0.6117788461538461 0.07451923076923077 0.07451923076923077
9 0.7740384615384616 0.6983173076923077 0.08173076923076923 0.09375
2 0.3545673076923077 0.46274038461538464 0.12740384615384615 0.16105769230769232
4 0.6358173076923077 0.3581730769230769 0.12259615384615384 0.14903846153846154
6 0.7019230769230769 0.6899038461538461 0.08173076923076923 0.09615384615384616
4 0.39783653846153844 0.6646634615384616 0.08413461538461539 0.10336538461538461
1 0.46875 0.33774038461538464 0.1201923076923077 0.14182692307692307
4 0.484375 0.20793269230769232 0.11778846153846154 0.14182692307692307
9 0.3317307692307692 0.32211538461538464 0.125 0.16346153846153846