1 0.40865384615384615 0.5961538461538461 0.07692307692307693 0.09134615384615384
0 0.49038461538461536 0.6875 0.0673076923076923 0.07211538461538461
8 0.7704326923076923 0.6298076923076923 0.07451923076923077 0.09615384615384616
1 0.7596153846153846 0.7115384615384616 0.07692307692307693 0.09134615384615384
0 0.38341346153846156 0.22115384615384615 0.11778846153846154 0.11538461538461539
1 0.33653846153846156 0.5889423076923077 0.08173076923076923 0.10096153846153846
3 0.5516826923076923 0.6923076923076923 0.06971153846153846 0.10096153846153846
0 0.7115384615384616 0.6262019230769231 0.07211538461538461 0.07451923076923077
2 0.3641826923076923 0.4795673076923077 0.12259615384615384 0.15144230769230768
7 0.7668269230769231 0.2644230769230769 0.11538461538461539 0.15384615384615385
4 0.4026442307692308 0.6778846153846154 0.07932692307692307 0.10096153846153846
5 0.5540865384615384 0.609375 0.07932692307692307 0.09375
7 0.7524038461538461 0.3894230769230769 0.11538461538461539 0.14903846153846154
1 0.47115384615384615 0.35697115384615385 0.11538461538461539 0.13701923076923078
5 0.6875 0.703125 0.07692307692307693 0.0985576923076923
9 0.48197115384615385 0.6009615384615384 0.07932692307692307 0.10096153846153846
4 0.6262019230769231 0.3762019230769231 0.11778846153846154 0.14182692307692307
9 0.3389423076923077 0.3425480769230769 0.1201923076923077 0.16105769230769232
2 0.6466346153846154 0.2512019230769231 0.11538461538461539 0.14182692307692307
2 0.4855769230769231 0.23076923076923078 0.1201923076923077 0.14423076923076922