1 0.33052884615384615 0.5745192307692307 0.08413461538461539 0.10576923076923077
3 0.48197115384615385 0.6742788461538461 0.06971153846153846 0.0985576923076923
0 0.3786057692307692 0.19831730769230768 0.11778846153846154 0.11298076923076923
1 0.7848557692307693 0.6983173076923077 0.07932692307692307 0.0889423076923077
6 0.7127403846153846 0.6899038461538461 0.08413461538461539 0.09134615384615384
8 0.5576923076923077 0.6790865384615384 0.08173076923076923 0.0985576923076923
3 0.4879807692307692 0.5925480769230769 0.07692307692307693 0.0985576923076923
8 0.7980769230769231 0.6177884615384616 0.07692307692307693 0.10096153846153846
4 0.4098557692307692 0.5817307692307693 0.08413461538461539 0.09615384615384616
8 0.7776442307692307 0.37259615384615385 0.12259615384615384 0.15384615384615385
3 0.6490384615384616 0.3605769230769231 0.11057692307692307 0.14903846153846154
4 0.39783653846153844 0.6670673076923077 0.08413461538461539 0.10336538461538461
2 0.3557692307692308 0.4651442307692308 0.1346153846153846 0.1658653846153846
0 0.7247596153846154 0.6117788461538461 0.07932692307692307 0.08413461538461539
5 0.7908653846153846 0.2439903846153846 0.1201923076923077 0.15625
1 0.47475961538461536 0.3389423076923077 0.12259615384615384 0.14903846153846154
9 0.33052884615384615 0.32211538461538464 0.12740384615384615 0.16346153846153846
2 0.6610576923076923 0.22596153846153846 0.1201923076923077 0.14423076923076922
4 0.4879807692307692 0.20793269230769232 0.1201923076923077 0.1466346153846154
4 0.5661057692307693 0.5973557692307693 0.07932692307692307 0.0985576923076923