2 0.7644230769230769 0.7043269230769231 0.08173076923076923 0.09615384615384616
0 0.4182692307692308 0.5925480769230769 0.07692307692307693 0.07451923076923077
1 0.3269230769230769 0.5805288461538461 0.08653846153846154 0.10336538461538461
0 0.48677884615384615 0.6802884615384616 0.06490384615384616 0.0673076923076923
0 0.3762019230769231 0.20552884615384615 0.11778846153846154 0.11298076923076923
7 0.5516826923076923 0.6009615384615384 0.07932692307692307 0.10096153846153846
4 0.4735576923076923 0.5961538461538461 0.08173076923076923 0.09134615384615384
0 0.7127403846153846 0.6201923076923077 0.07451923076923077 0.07692307692307693
1 0.4639423076923077 0.34375 0.1201923076923077 0.14423076923076922
1 0.7716346153846154 0.24759615384615385 0.1201923076923077 0.14423076923076922
7 0.7764423076923077 0.6237980769230769 0.07692307692307693 0.0985576923076923
5 0.5420673076923077 0.6850961538461539 0.07451923076923077 0.09615384615384616
6 0.765625 0.375 0.12259615384615384 0.12980769230769232
4 0.6286057692307693 0.3641826923076923 0.12259615384615384 0.15144230769230768
5 0.6911057692307693 0.6995192307692307 0.07932692307692307 0.10096153846153846
2 0.35096153846153844 0.47115384615384615 0.125 0.15865384615384615
1 0.6430288461538461 0.23557692307692307 0.11778846153846154 0.13942307692307693
4 0.39302884615384615 0.6706730769230769 0.07932692307692307 0.10096153846153846
2 0.47716346153846156 0.21634615384615385 0.12259615384615384 0.14423076923076922
9 0.32572115384615385 0.33052884615384615 0.12740384615384615 0.16105769230769232