0 0.8064903846153846 0.27283653846153844 0.09375 0.0985576923076923
5 0.7415865384615384 0.38822115384615385 0.12740384615384615 0.11778846153846154
0 0.7283653846153846 0.6286057692307693 0.07211538461538461 0.06009615384615385
8 0.6237980769230769 0.6899038461538461 0.08413461538461539 0.07211538461538461
1 0.6466346153846154 0.6153846153846154 0.09615384615384616 0.07211538461538461
1 0.6947115384615384 0.6959134615384616 0.08653846153846154 0.07451923076923077
2 0.4543269230769231 0.5985576923076923 0.08653846153846154 0.07211538461538461
0 0.4483173076923077 0.6742788461538461 0.07451923076923077 0.06490384615384616
8 0.5252403846153846 0.6021634615384616 0.09375 0.07451923076923077
4 0.6730769230769231 0.2536057692307692 0.1201923076923077 0.11298076923076923
2 0.6358173076923077 0.3786057692307692 0.14182692307692307 0.12259615384615384
1 0.5300480769230769 0.23197115384615385 0.13221153846153846 0.11298076923076923
4 0.5012019230769231 0.6790865384615384 0.09375 0.07451923076923077
3 0.3918269230769231 0.5961538461538461 0.09134615384615384 0.0673076923076923
1 0.48677884615384615 0.3605769230769231 0.13221153846153846 0.11538461538461539
5 0.36658653846153844 0.6670673076923077 0.0985576923076923 0.07451923076923077
2 0.36177884615384615 0.484375 0.15144230769230768 0.11778846153846154
9 0.40024038461538464 0.21995192307692307 0.17067307692307693 0.12259615384615384
9 0.36538461538461536 0.3485576923076923 0.16346153846153846 0.1201923076923077