0 0.7680288461538461 0.6225961538461539 0.06009615384615385 0.07211538461538461
8 0.5396634615384616 0.5985576923076923 0.07932692307692307 0.08173076923076923
0 0.49038461538461536 0.5925480769230769 0.0625 0.07932692307692307
8 0.44591346153846156 0.671875 0.08413461538461539 0.08413461538461539
4 0.3737980769230769 0.6646634615384616 0.0889423076923077 0.08413461538461539
7 0.6646634615384616 0.6935096153846154 0.0889423076923077 0.08413461538461539
0 0.6947115384615384 0.24519230769230768 0.08653846153846154 0.11057692307692307
4 0.38822115384615385 0.5829326923076923 0.0889423076923077 0.08413461538461539
1 0.6814903846153846 0.6141826923076923 0.09375 0.08413461538461539
4 0.7415865384615384 0.6995192307692307 0.08413461538461539 0.08653846153846154
1 0.47475961538461536 0.34375 0.13221153846153846 0.125
3 0.5300480769230769 0.6802884615384616 0.08413461538461539 0.07692307692307693
9 0.36899038461538464 0.20192307692307693 0.14182692307692307 0.125
3 0.640625 0.3701923076923077 0.13221153846153846 0.11057692307692307
2 0.3473557692307692 0.46875 0.15144230769230768 0.12980769230769232
9 0.3401442307692308 0.328125 0.14182692307692307 0.12740384615384615
4 0.7848557692307693 0.25721153846153844 0.12259615384615384 0.125
9 0.7632211538461539 0.38100961538461536 0.13221153846153846 0.11778846153846154
2 0.5036057692307693 0.21634615384615385 0.13701923076923078 0.125