0 0.38100961538461536 0.22596153846153846 0.10817307692307693 0.11057692307692307
3 0.4855769230769231 0.6069711538461539 0.07211538461538461 0.0889423076923077
8 0.7752403846153846 0.6322115384615384 0.07451923076923077 0.09134615384615384
1 0.47716346153846156 0.6838942307692307 0.07932692307692307 0.0889423076923077
1 0.33774038461538464 0.5901442307692307 0.07932692307692307 0.0985576923076923
0 0.6694711538461539 0.2608173076923077 0.10336538461538461 0.0985576923076923
0 0.7151442307692307 0.6262019230769231 0.06971153846153846 0.07451923076923077
8 0.5516826923076923 0.6911057692307693 0.07451923076923077 0.09375
2 0.3629807692307692 0.484375 0.125 0.15144230769230768
6 0.5625 0.609375 0.07692307692307693 0.08413461538461539
5 0.41225961538461536 0.5973557692307693 0.07932692307692307 0.0985576923076923
3 0.7596153846153846 0.3954326923076923 0.10576923076923077 0.14182692307692307
9 0.7728365384615384 0.2704326923076923 0.10817307692307693 0.14182692307692307
4 0.40024038461538464 0.6790865384615384 0.07932692307692307 0.0985576923076923
5 0.7632211538461539 0.7103365384615384 0.07932692307692307 0.09375
5 0.6911057692307693 0.7043269230769231 0.07932692307692307 0.09615384615384616
1 0.4723557692307692 0.3605769230769231 0.11778846153846154 0.13942307692307693
4 0.6298076923076923 0.38100961538461536 0.1201923076923077 0.14182692307692307
5 0.4855769230769231 0.23918269230769232 0.11538461538461539 0.1466346153846154
9 0.33774038461538464 0.3485576923076923 0.12259615384615384 0.15865384615384615