2 0.7572115384615384 0.703125 0.07692307692307693 0.07932692307692307
0 0.38341346153846156 0.5661057692307693 0.055288461538461536 0.06971153846153846
1 0.4375 0.5745192307692307 0.08173076923076923 0.08173076923076923
8 0.7716346153846154 0.6274038461538461 0.08173076923076923 0.07692307692307693
6 0.6983173076923077 0.6923076923076923 0.06971153846153846 0.08173076923076923
8 0.5757211538461539 0.5949519230769231 0.0889423076923077 0.08413461538461539
0 0.71875 0.6189903846153846 0.0625 0.06971153846153846
4 0.41586538461538464 0.65625 0.08173076923076923 0.08173076923076923
4 0.48677884615384615 0.6646634615384616 0.07932692307692307 0.08413461538461539
1 0.5612980769230769 0.6754807692307693 0.08413461538461539 0.08173076923076923
4 0.5060096153846154 0.5841346153846154 0.07932692307692307 0.08173076923076923
3 0.6742788461538461 0.3737980769230769 0.12259615384615384 0.11298076923076923
4 0.8100961538461539 0.2704326923076923 0.1201923076923077 0.11778846153846154
7 0.7836538461538461 0.390625 0.12980769230769232 0.11298076923076923
1 0.5264423076923077 0.3401442307692308 0.125 0.11778846153846154
3 0.40865384615384615 0.4579326923076923 0.13942307692307693 0.11298076923076923
4 0.6983173076923077 0.24639423076923078 0.12740384615384615 0.12259615384615384
6 0.5649038461538461 0.21634615384615385 0.11057692307692307 0.1201923076923077
9 0.4362980769230769 0.1935096153846154 0.1466346153846154 0.12259615384615384
9 0.4014423076923077 0.31971153846153844 0.13942307692307693 0.1201923076923077