2 0.7560096153846154 0.7139423076923077 0.07932692307692307 0.09134615384615384
0 0.37740384615384615 0.23197115384615385 0.11057692307692307 0.10817307692307693
0 0.49038461538461536 0.6875 0.0673076923076923 0.0673076923076923
1 0.33533653846153844 0.5925480769230769 0.07932692307692307 0.0985576923076923
8 0.5540865384615384 0.6129807692307693 0.07451923076923077 0.09134615384615384
7 0.765625 0.6358173076923077 0.07451923076923077 0.09375
3 0.4891826923076923 0.24519230769230768 0.10817307692307693 0.1346153846153846
6 0.7524038461538461 0.39783653846153844 0.1201923076923077 0.12740384615384615
0 0.7067307692307693 0.6310096153846154 0.0673076923076923 0.06971153846153846
2 0.3605769230769231 0.4855769230769231 0.1201923076923077 0.14423076923076922
7 0.7632211538461539 0.27524038461538464 0.11298076923076923 0.15144230769230768
6 0.48197115384615385 0.6045673076923077 0.07932692307692307 0.08413461538461539
1 0.46875 0.36538461538461536 0.11538461538461539 0.12980769230769232
6 0.5504807692307693 0.6899038461538461 0.07692307692307693 0.08653846153846154
2 0.40865384615384615 0.5985576923076923 0.07692307692307693 0.09134615384615384
4 0.39783653846153844 0.6802884615384616 0.07932692307692307 0.09615384615384616
2 0.6418269230769231 0.25961538461538464 0.11538461538461539 0.14423076923076922
4 0.625 0.3858173076923077 0.1201923076923077 0.1466346153846154
9 0.33653846153846156 0.35216346153846156 0.125 0.15625
5 0.6850961538461539 0.7055288461538461 0.07692307692307693 0.0985576923076923