0 0.7331730769230769 0.6165865384615384 0.0673076923076923 0.06009615384615385
0 0.7079326923076923 0.6911057692307693 0.06490384615384616 0.06009615384615385
0 0.6442307692307693 0.6875 0.0673076923076923 0.0625
7 0.42427884615384615 0.6694711538461539 0.09375 0.07451923076923077
8 0.5192307692307693 0.5985576923076923 0.09615384615384616 0.07692307692307693
5 0.7524038461538461 0.3798076923076923 0.1346153846153846 0.1201923076923077
1 0.6526442307692307 0.6105769230769231 0.0985576923076923 0.07211538461538461
4 0.37740384615384615 0.5877403846153846 0.08653846153846154 0.07451923076923077
0 0.32572115384615385 0.5853365384615384 0.07451923076923077 0.06971153846153846
5 0.3557692307692308 0.6646634615384616 0.09615384615384616 0.07932692307692307
0 0.5829326923076923 0.6802884615384616 0.06971153846153846 0.0625
3 0.4987980769230769 0.6778846153846154 0.0889423076923077 0.0673076923076923
6 0.45552884615384615 0.5913461538461539 0.08413461538461539 0.07692307692307693
1 0.6334134615384616 0.3701923076923077 0.15144230769230768 0.1201923076923077
6 0.8125 0.24879807692307693 0.1201923076923077 0.11778846153846154
2 0.6790865384615384 0.23798076923076922 0.13701923076923078 0.125
7 0.5168269230769231 0.21875 0.17307692307692307 0.125
1 0.4807692307692308 0.35216346153846156 0.14423076923076922 0.11778846153846154
9 0.39302884615384615 0.20432692307692307 0.18509615384615385 0.125
9 0.3545673076923077 0.33774038461538464 0.17067307692307693 0.12259615384615384
2 0.3473557692307692 0.47475961538461536 0.17067307692307693 0.12740384615384615