4 0.5552884615384616 0.5949519230769231 0.08653846153846154 0.08413461538461539
1 0.6935096153846154 0.6105769230769231 0.0889423076923077 0.08173076923076923
8 0.6850961538461539 0.6899038461538461 0.08653846153846154 0.08173076923076923
8 0.4831730769230769 0.5865384615384616 0.08653846153846154 0.08173076923076923
7 0.40865384615384615 0.5757211538461539 0.09134615384615384 0.07932692307692307
1 0.46875 0.6658653846153846 0.08653846153846154 0.08173076923076923
4 0.7584134615384616 0.6995192307692307 0.07932692307692307 0.08173076923076923
5 0.5456730769230769 0.6742788461538461 0.08653846153846154 0.08413461538461539
9 0.7704326923076923 0.6225961538461539 0.0889423076923077 0.07692307692307693
4 0.7560096153846154 0.38100961538461536 0.12740384615384615 0.12259615384615384
5 0.3942307692307692 0.6574519230769231 0.08653846153846154 0.08413461538461539
7 0.7752403846153846 0.25961538461538464 0.13221153846153846 0.11538461538461539
1 0.4807692307692308 0.3401442307692308 0.125 0.11778846153846154
9 0.35216346153846156 0.3233173076923077 0.13701923076923078 0.12259615384615384
4 0.6526442307692307 0.2403846153846154 0.12740384615384615 0.1201923076923077
3 0.5048076923076923 0.21875 0.12980769230769232 0.11057692307692307
9 0.3762019230769231 0.19951923076923078 0.14182692307692307 0.1201923076923077
2 0.3629807692307692 0.46274038461538464 0.14903846153846154 0.12740384615384615
2 0.6430288461538461 0.36538461538461536 0.12259615384615384 0.1201923076923077