1 0.6550480769230769 0.6129807692307693 0.09375 0.07211538461538461
0 0.44471153846153844 0.6730769230769231 0.07211538461538461 0.0673076923076923
5 0.7584134615384616 0.38100961538461536 0.14182692307692307 0.12740384615384615
6 0.5288461538461539 0.5997596153846154 0.08173076923076923 0.07451923076923077
8 0.6346153846153846 0.6899038461538461 0.10096153846153846 0.07692307692307693
9 0.7247596153846154 0.6177884615384616 0.09375 0.07211538461538461
2 0.703125 0.6935096153846154 0.08413461538461539 0.06971153846153846
8 0.5012019230769231 0.6790865384615384 0.09375 0.07451923076923077
5 0.3581730769230769 0.6670673076923077 0.10576923076923077 0.08413461538461539
3 0.53125 0.22235576923076922 0.14423076923076922 0.10817307692307693
3 0.45552884615384615 0.5997596153846154 0.0889423076923077 0.06971153846153846
1 0.6814903846153846 0.23677884615384615 0.1466346153846154 0.12740384615384615
2 0.8088942307692307 0.25240384615384615 0.14182692307692307 0.1201923076923077
6 0.3894230769230769 0.5877403846153846 0.08173076923076923 0.07932692307692307
2 0.6454326923076923 0.37259615384615385 0.1466346153846154 0.1201923076923077
1 0.484375 0.35096153846153844 0.1466346153846154 0.11538461538461539
9 0.35697115384615385 0.3389423076923077 0.1658653846153846 0.1201923076923077
9 0.39903846153846156 0.20432692307692307 0.1971153846153846 0.12980769230769232
2 0.35216346153846156 0.47596153846153844 0.1658653846153846 0.125