1 0.6959134615384616 0.6153846153846154 0.0889423076923077 0.08173076923076923
7 0.6887019230769231 0.6947115384615384 0.08413461538461539 0.08173076923076923
7 0.4074519230769231 0.578125 0.0889423076923077 0.07932692307692307
7 0.7608173076923077 0.7043269230769231 0.0889423076923077 0.08173076923076923
9 0.7716346153846154 0.6262019230769231 0.09134615384615384 0.07932692307692307
5 0.48197115384615385 0.5889423076923077 0.08413461538461539 0.08653846153846154
2 0.5588942307692307 0.5961538461538461 0.08413461538461539 0.08173076923076923
9 0.47115384615384615 0.6682692307692307 0.08653846153846154 0.08173076923076923
5 0.3954326923076923 0.6598557692307693 0.08413461538461539 0.08413461538461539
9 0.35216346153846156 0.3233173076923077 0.13701923076923078 0.12259615384615384
3 0.5504807692307693 0.6778846153846154 0.08173076923076923 0.07692307692307693
7 0.7776442307692307 0.2608173076923077 0.13221153846153846 0.11298076923076923
1 0.4831730769230769 0.34134615384615385 0.12980769230769232 0.1201923076923077
3 0.6658653846153846 0.24519230769230768 0.1201923076923077 0.11057692307692307
7 0.7608173076923077 0.38461538461538464 0.13221153846153846 0.1201923076923077
3 0.5072115384615384 0.21995192307692307 0.12980769230769232 0.11298076923076923
9 0.37740384615384615 0.1971153846153846 0.14423076923076922 0.125
2 0.3641826923076923 0.46274038461538464 0.1466346153846154 0.12740384615384615
2 0.6430288461538461 0.36658653846153844 0.11778846153846154 0.12259615384615384