6 0.6911057692307693 0.6838942307692307 0.07451923076923077 0.08413461538461539
0 0.35697115384615385 0.5637019230769231 0.05048076923076923 0.06971153846153846
8 0.7740384615384616 0.38100961538461536 0.1346153846153846 0.12259615384615384
7 0.4110576923076923 0.5709134615384616 0.08173076923076923 0.07932692307692307
4 0.39302884615384615 0.6502403846153846 0.08413461538461539 0.08413461538461539
0 0.7175480769230769 0.6081730769230769 0.06009615384615385 0.0673076923076923
8 0.5588942307692307 0.5877403846153846 0.0889423076923077 0.07932692307692307
4 0.46875 0.6586538461538461 0.08173076923076923 0.08173076923076923
6 0.7740384615384616 0.6141826923076923 0.07211538461538461 0.07451923076923077
2 0.48677884615384615 0.5793269230769231 0.08413461538461539 0.08173076923076923
2 0.7560096153846154 0.6911057692307693 0.07932692307692307 0.07932692307692307
2 0.7980769230769231 0.25600961538461536 0.125 0.11778846153846154
9 0.5444711538461539 0.6682692307692307 0.0889423076923077 0.07692307692307693
0 0.4110576923076923 0.1971153846153846 0.09134615384615384 0.11057692307692307
3 0.3737980769230769 0.45552884615384615 0.13701923076923078 0.11298076923076923
9 0.5120192307692307 0.2091346153846154 0.1346153846153846 0.11538461538461539
3 0.6586538461538461 0.3629807692307692 0.12980769230769232 0.11057692307692307
1 0.49038461538461536 0.33653846153846156 0.12980769230769232 0.1201923076923077
4 0.6682692307692307 0.23798076923076922 0.12980769230769232 0.125
9 0.3581730769230769 0.3173076923076923 0.13942307692307693 0.125