1 0.5576923076923077 0.5961538461538461 0.08173076923076923 0.10096153846153846
1 0.3245192307692308 0.5721153846153846 0.08653846153846154 0.10576923076923077
0 0.36899038461538464 0.19591346153846154 0.11298076923076923 0.11298076923076923
8 0.7872596153846154 0.6177884615384616 0.07932692307692307 0.10096153846153846
1 0.7740384615384616 0.6995192307692307 0.08173076923076923 0.09134615384615384
2 0.3473557692307692 0.46274038461538464 0.13221153846153846 0.16105769230769232
2 0.4026442307692308 0.5793269230769231 0.08413461538461539 0.09615384615384616
4 0.390625 0.6658653846153846 0.08413461538461539 0.10576923076923077
3 0.4723557692307692 0.6742788461538461 0.07451923076923077 0.0985576923076923
7 0.546875 0.6766826923076923 0.07932692307692307 0.0985576923076923
2 0.47596153846153844 0.5877403846153846 0.08653846153846154 0.0985576923076923
0 0.7211538461538461 0.6117788461538461 0.07692307692307693 0.07932692307692307
3 0.4855769230769231 0.2091346153846154 0.11057692307692307 0.14903846153846154
1 0.6478365384615384 0.22235576923076922 0.11778846153846154 0.14182692307692307
1 0.4651442307692308 0.33653846153846156 0.12259615384615384 0.13942307692307693
3 0.6370192307692307 0.3581730769230769 0.11057692307692307 0.14903846153846154
8 0.765625 0.3737980769230769 0.11778846153846154 0.1466346153846154
1 0.7836538461538461 0.2403846153846154 0.1201923076923077 0.14903846153846154
6 0.7019230769230769 0.6911057692307693 0.08173076923076923 0.09375
9 0.32572115384615385 0.31850961538461536 0.12740384615384615 0.1658653846153846