0 0.6526442307692307 0.36538461538461536 0.0889423076923077 0.10096153846153846
0 0.4987980769230769 0.22716346153846154 0.0889423076923077 0.0985576923076923
0 0.7776442307692307 0.6862980769230769 0.06490384615384616 0.07451923076923077
0 0.6382211538461539 0.6754807692307693 0.06490384615384616 0.07692307692307693
2 0.6935096153846154 0.6790865384615384 0.08413461538461539 0.08413461538461539
0 0.375 0.21995192307692307 0.09615384615384616 0.10817307692307693
0 0.5685096153846154 0.5901442307692307 0.06490384615384616 0.06971153846153846
6 0.4050480769230769 0.6574519230769231 0.08413461538461539 0.08413461538461539
9 0.40865384615384615 0.5793269230769231 0.08653846153846154 0.07692307692307693
1 0.6959134615384616 0.5973557692307693 0.08413461538461539 0.07451923076923077
2 0.7680288461538461 0.6021634615384616 0.08413461538461539 0.07932692307692307
1 0.33533653846153844 0.5769230769230769 0.08413461538461539 0.07692307692307693
8 0.5456730769230769 0.6682692307692307 0.09134615384615384 0.08173076923076923
1 0.46153846153846156 0.3449519230769231 0.12980769230769232 0.11778846153846154
2 0.4807692307692308 0.5829326923076923 0.08653846153846154 0.08413461538461539
8 0.7427884615384616 0.36778846153846156 0.13942307692307693 0.1201923076923077
3 0.47836538461538464 0.6646634615384616 0.08173076923076923 0.07451923076923077
2 0.3557692307692308 0.4699519230769231 0.1346153846153846 0.12259615384615384
9 0.6298076923076923 0.23557692307692307 0.12980769230769232 0.11057692307692307
5 0.75 0.2439903846153846 0.1346153846153846 0.11778846153846154
9 0.33653846153846156 0.33774038461538464 0.1346153846153846 0.11778846153846154