1 0.6923076923076923 0.6814903846153846 0.10096153846153846 0.0985576923076923
1 0.33052884615384615 0.6526442307692307 0.09375 0.09375
7 0.6899038461538461 0.7776442307692307 0.10096153846153846 0.0985576923076923
7 0.41586538461538464 0.7572115384615384 0.10096153846153846 0.09615384615384616
0 0.2608173076923077 0.6490384615384616 0.06009615384615385 0.08653846153846154
4 0.3233173076923077 0.7512019230769231 0.0985576923076923 0.0985576923076923
1 0.5168269230769231 0.6658653846153846 0.10096153846153846 0.10096153846153846
0 0.6322115384615384 0.2548076923076923 0.08173076923076923 0.125
4 0.5096153846153846 0.765625 0.09615384615384616 0.0985576923076923
2 0.78125 0.7872596153846154 0.09615384615384616 0.0985576923076923
9 0.7848557692307693 0.6887019230769231 0.10336538461538461 0.0985576923076923
6 0.41586538461538464 0.22716346153846154 0.125 0.13701923076923078
1 0.3918269230769231 0.37259615384615385 0.15384615384615385 0.13942307692307693
4 0.4206730769230769 0.6598557692307693 0.09615384615384616 0.0985576923076923
1 0.7355769230769231 0.4014423076923077 0.14423076923076922 0.1346153846153846
3 0.5925480769230769 0.3942307692307692 0.1466346153846154 0.125
3 0.2668269230769231 0.5204326923076923 0.16346153846153846 0.12740384615384615
9 0.2536057692307692 0.2127403846153846 0.16105769230769232 0.13701923076923078
7 0.7427884615384616 0.2620192307692308 0.14903846153846154 0.1346153846153846
9 0.2403846153846154 0.3557692307692308 0.15865384615384615 0.1346153846153846