8 0.45072115384615385 0.7211538461538461 0.08413461538461539 0.09615384615384616
6 0.7475961538461539 0.7463942307692307 0.08173076923076923 0.0985576923076923
0 0.5625 0.6358173076923077 0.0673076923076923 0.0889423076923077
1 0.6634615384615384 0.7391826923076923 0.09134615384615384 0.0985576923076923
0 0.4110576923076923 0.6237980769230769 0.0625 0.08413461538461539
0 0.53125 0.21995192307692307 0.09134615384615384 0.12740384615384615
5 0.7548076923076923 0.6574519230769231 0.08173076923076923 0.0889423076923077
2 0.3786057692307692 0.7115384615384616 0.0889423076923077 0.10096153846153846
2 0.5264423076923077 0.7283653846153846 0.08653846153846154 0.09615384615384616
3 0.47115384615384615 0.6298076923076923 0.08173076923076923 0.08653846153846154
0 0.7019230769230769 0.6490384615384616 0.0625 0.08653846153846154
4 0.7572115384615384 0.390625 0.1346153846153846 0.13701923076923078
9 0.6610576923076923 0.23798076923076922 0.1346153846153846 0.12980769230769232
4 0.6322115384615384 0.3762019230769231 0.13942307692307693 0.14182692307692307
2 0.7836538461538461 0.2512019230769231 0.1346153846153846 0.13221153846153846
2 0.3473557692307692 0.49158653846153844 0.15144230769230768 0.14182692307692307
2 0.4723557692307692 0.3557692307692308 0.13221153846153846 0.1346153846153846
9 0.34375 0.3401442307692308 0.14423076923076922 0.13701923076923078
9 0.37259615384615385 0.19831730769230768 0.14423076923076922 0.13701923076923078