7 0.6935096153846154 0.6923076923076923 0.09375 0.08173076923076923
0 0.7752403846153846 0.7043269230769231 0.055288461538461536 0.07211538461538461
7 0.4170673076923077 0.5769230769230769 0.0889423076923077 0.08173076923076923
1 0.7007211538461539 0.6129807692307693 0.0889423076923077 0.08653846153846154
6 0.4831730769230769 0.6646634615384616 0.08173076923076923 0.08413461538461539
8 0.5552884615384616 0.6742788461538461 0.08653846153846154 0.08413461538461539
0 0.578125 0.5997596153846154 0.06490384615384616 0.07932692307692307
4 0.40625 0.6586538461538461 0.09134615384615384 0.08173076923076923
9 0.49278846153846156 0.5841346153846154 0.08653846153846154 0.08173076923076923
9 0.7740384615384616 0.6213942307692307 0.09134615384615384 0.07932692307692307
9 0.38221153846153844 0.1935096153846154 0.13942307692307693 0.12259615384615384
7 0.7788461538461539 0.25721153846153844 0.12980769230769232 0.11538461538461539
1 0.4855769230769231 0.3389423076923077 0.12980769230769232 0.125
2 0.765625 0.38100961538461536 0.13221153846153846 0.12259615384615384
1 0.6586538461538461 0.23798076923076922 0.1346153846153846 0.1201923076923077
3 0.6478365384615384 0.36658653846153844 0.13701923076923078 0.11298076923076923
3 0.5072115384615384 0.21514423076923078 0.12980769230769232 0.11298076923076923
9 0.3581730769230769 0.31971153846153844 0.13942307692307693 0.1201923076923077
2 0.3701923076923077 0.46033653846153844 0.14903846153846154 0.12740384615384615