1 0.3269230769230769 0.5709134615384616 0.08653846153846154 0.10336538461538461
7 0.5600961538461539 0.5925480769230769 0.08173076923076923 0.10336538461538461
0 0.37259615384615385 0.19110576923076922 0.1201923076923077 0.11778846153846154
3 0.4831730769230769 0.5889423076923077 0.07211538461538461 0.09134615384615384
8 0.7824519230769231 0.6983173076923077 0.07932692307692307 0.0985576923076923
7 0.7908653846153846 0.6153846153846154 0.07692307692307693 0.10096153846153846
0 0.6646634615384616 0.3581730769230769 0.0985576923076923 0.09615384615384616
3 0.7067307692307693 0.6935096153846154 0.07692307692307693 0.10336538461538461
3 0.39903846153846156 0.6658653846153846 0.07692307692307693 0.10096153846153846
9 0.4074519230769231 0.578125 0.08413461538461539 0.10336538461538461
3 0.6622596153846154 0.22596153846153846 0.11298076923076923 0.14423076923076922
2 0.3545673076923077 0.46033653846153844 0.13221153846153846 0.1658653846153846
9 0.5540865384615384 0.6766826923076923 0.07932692307692307 0.0985576923076923
6 0.4807692307692308 0.6682692307692307 0.07692307692307693 0.08653846153846154
1 0.7728365384615384 0.3641826923076923 0.11778846153846154 0.13701923076923078
1 0.4855769230769231 0.20192307692307693 0.125 0.14903846153846154
0 0.7283653846153846 0.6105769230769231 0.07211538461538461 0.07211538461538461
1 0.7896634615384616 0.23677884615384615 0.12259615384615384 0.15144230769230768
2 0.4723557692307692 0.33413461538461536 0.12259615384615384 0.14423076923076922
9 0.33052884615384615 0.3173076923076923 0.13221153846153846 0.17307692307692307