0 0.45072115384615385 0.6802884615384616 0.055288461538461536 0.07211538461538461
0 0.7307692307692307 0.7091346153846154 0.057692307692307696 0.07211538461538461
8 0.7367788461538461 0.6322115384615384 0.07932692307692307 0.07692307692307693
0 0.5372596153846154 0.6117788461538461 0.06009615384615385 0.06971153846153846
0 0.6826923076923077 0.6274038461538461 0.0625 0.07211538461538461
5 0.375 0.5961538461538461 0.08653846153846154 0.08173076923076923
4 0.3581730769230769 0.671875 0.08653846153846154 0.07932692307692307
9 0.5096153846153846 0.6862980769230769 0.08173076923076923 0.07932692307692307
5 0.6454326923076923 0.6983173076923077 0.07932692307692307 0.07932692307692307
2 0.45072115384615385 0.6033653846153846 0.0889423076923077 0.08173076923076923
1 0.34134615384615385 0.48677884615384615 0.13942307692307693 0.12740384615384615
3 0.6730769230769231 0.2608173076923077 0.12980769230769232 0.11298076923076923
7 0.7920673076923077 0.27524038461538464 0.14182692307692307 0.12259615384615384
8 0.7584134615384616 0.40024038461538464 0.13701923076923078 0.11778846153846154
4 0.6310096153846154 0.38461538461538464 0.13221153846153846 0.1201923076923077
9 0.33533653846153844 0.35096153846153844 0.14182692307692307 0.125
1 0.4699519230769231 0.36658653846153844 0.13221153846153846 0.12259615384615384
2 0.5024038461538461 0.23798076923076922 0.1346153846153846 0.125
9 0.3701923076923077 0.22235576923076922 0.14903846153846154 0.12740384615384615