5 0.7632211538461539 0.3858173076923077 0.14182692307692307 0.12259615384615384
0 0.7439903846153846 0.6322115384615384 0.07932692307692307 0.0673076923076923
1 0.7079326923076923 0.7055288461538461 0.0889423076923077 0.06971153846153846
0 0.6538461538461539 0.7019230769230769 0.0625 0.0625
5 0.8052884615384616 0.25721153846153844 0.14903846153846154 0.125
7 0.5288461538461539 0.6105769230769231 0.10096153846153846 0.07692307692307693
7 0.4375 0.6826923076923077 0.09615384615384616 0.07692307692307693
7 0.46033653846153844 0.6045673076923077 0.0985576923076923 0.07932692307692307
1 0.6586538461538461 0.6213942307692307 0.09615384615384616 0.07451923076923077
0 0.5576923076923077 0.2247596153846154 0.10096153846153846 0.11778846153846154
0 0.5889423076923077 0.6935096153846154 0.07211538461538461 0.06490384615384616
1 0.32091346153846156 0.5925480769230769 0.10336538461538461 0.07932692307692307
5 0.5060096153846154 0.6875 0.09375 0.07692307692307693
9 0.6862980769230769 0.2403846153846154 0.13701923076923078 0.1201923076923077
9 0.3918269230769231 0.5985576923076923 0.09615384615384616 0.07692307692307693
5 0.36658653846153844 0.6766826923076923 0.0985576923076923 0.07932692307692307
1 0.6454326923076923 0.375 0.15144230769230768 0.1201923076923077
0 0.43028846153846156 0.2127403846153846 0.11538461538461539 0.12259615384615384
1 0.49278846153846156 0.3545673076923077 0.13942307692307693 0.11778846153846154
2 0.36177884615384615 0.4831730769230769 0.1658653846153846 0.125
9 0.36538461538461536 0.34134615384615385 0.17307692307692307 0.125