6 0.4206730769230769 0.78125 0.09615384615384616 0.10096153846153846
1 0.6887019230769231 0.703125 0.10336538461538461 0.10336538461538461
7 0.6850961538461539 0.8040865384615384 0.10096153846153846 0.0985576923076923
8 0.5132211538461539 0.6887019230769231 0.0985576923076923 0.0985576923076923
3 0.5132211538461539 0.7944711538461539 0.0985576923076923 0.09375
9 0.7764423076923077 0.8112980769230769 0.10096153846153846 0.0985576923076923
7 0.3269230769230769 0.6730769230769231 0.10096153846153846 0.09615384615384616
7 0.4182692307692308 0.6802884615384616 0.10096153846153846 0.09615384615384616
0 0.6322115384615384 0.2608173076923077 0.08173076923076923 0.12740384615384615
3 0.265625 0.5372596153846154 0.16105769230769232 0.13221153846153846
1 0.3918269230769231 0.38221153846153844 0.14903846153846154 0.13942307692307693
9 0.78125 0.7103365384615384 0.10576923076923077 0.0985576923076923
4 0.31971153846153844 0.7764423076923077 0.10576923076923077 0.10096153846153846
3 0.7427884615384616 0.421875 0.14903846153846154 0.13221153846153846
3 0.5913461538461539 0.40625 0.15865384615384615 0.12980769230769232
4 0.40024038461538464 0.234375 0.14182692307692307 0.14182692307692307
7 0.7439903846153846 0.2692307692307692 0.1466346153846154 0.13942307692307693
9 0.25 0.21634615384615385 0.15865384615384615 0.13942307692307693
9 0.234375 0.36658653846153844 0.16105769230769232 0.14182692307692307