2 0.6298076923076923 0.7067307692307693 0.08173076923076923 0.07211538461538461
8 0.4963942307692308 0.6935096153846154 0.0889423076923077 0.07451923076923077
5 0.7427884615384616 0.39663461538461536 0.1346153846153846 0.1201923076923077
8 0.6923076923076923 0.7079326923076923 0.08653846153846154 0.06971153846153846
0 0.6923076923076923 0.25961538461538464 0.09134615384615384 0.10576923076923077
0 0.6622596153846154 0.390625 0.0985576923076923 0.10336538461538461
1 0.6466346153846154 0.6298076923076923 0.09615384615384616 0.07692307692307693
2 0.38461538461538464 0.6057692307692307 0.09134615384615384 0.07692307692307693
0 0.5372596153846154 0.6177884615384616 0.07451923076923077 0.0673076923076923
9 0.7127403846153846 0.6334134615384616 0.0889423076923077 0.06971153846153846
6 0.4375 0.6875 0.08173076923076923 0.07211538461538461
8 0.4519230769230769 0.6129807692307693 0.10096153846153846 0.07692307692307693
0 0.578125 0.7019230769230769 0.06971153846153846 0.0625
6 0.3701923076923077 0.6814903846153846 0.08653846153846154 0.07451923076923077
3 0.3233173076923077 0.6033653846153846 0.0985576923076923 0.0673076923076923
1 0.5240384615384616 0.23317307692307693 0.13942307692307693 0.125
1 0.39903846153846156 0.21875 0.14903846153846154 0.12980769230769232
5 0.7860576923076923 0.26802884615384615 0.15384615384615385 0.12259615384615384
1 0.4831730769230769 0.36658653846153844 0.13942307692307693 0.11778846153846154
2 0.3545673076923077 0.49399038461538464 0.16105769230769232 0.12740384615384615
9 0.3581730769230769 0.35336538461538464 0.15865384615384615 0.125