5 0.7704326923076923 0.6310096153846154 0.06971153846153846 0.08413461538461539
1 0.3293269230769231 0.5877403846153846 0.08173076923076923 0.0985576923076923
0 0.65625 0.38100961538461536 0.09615384615384616 0.09375
0 0.39302884615384615 0.22235576923076922 0.08413461538461539 0.10336538461538461
9 0.4050480769230769 0.5961538461538461 0.07932692307692307 0.10096153846153846
3 0.6935096153846154 0.7067307692307693 0.06971153846153846 0.09615384615384616
3 0.39903846153846156 0.6802884615384616 0.0673076923076923 0.09615384615384616
4 0.7644230769230769 0.7115384615384616 0.08173076923076923 0.09615384615384616
1 0.4807692307692308 0.22716346153846154 0.1201923076923077 0.14182692307692307
0 0.49399038461538464 0.6069711538461539 0.07451923076923077 0.06971153846153846
4 0.4723557692307692 0.6850961538461539 0.07932692307692307 0.09615384615384616
5 0.5444711538461539 0.6899038461538461 0.08413461538461539 0.10096153846153846
5 0.5528846153846154 0.6105769230769231 0.08173076923076923 0.09615384615384616
2 0.35697115384615385 0.47836538461538464 0.12740384615384615 0.15384615384615385
9 0.7728365384615384 0.26322115384615385 0.11298076923076923 0.15144230769230768
2 0.6466346153846154 0.24759615384615385 0.11538461538461539 0.13942307692307693
7 0.7536057692307693 0.38822115384615385 0.11778846153846154 0.15144230769230768
2 0.4675480769230769 0.35697115384615385 0.12259615384615384 0.14182692307692307
9 0.33413461538461536 0.34134615384615385 0.125 0.16826923076923078
0 0.7139423076923077 0.6262019230769231 0.04326923076923077 0.07932692307692307