8 0.7980769230769231 0.6262019230769231 0.08173076923076923 0.08413461538461539
4 0.3918269230769231 0.6911057692307693 0.08653846153846154 0.08413461538461539
1 0.5649038461538461 0.6141826923076923 0.09134615384615384 0.0889423076923077
3 0.796875 0.7127403846153846 0.09375 0.07932692307692307
4 0.40384615384615385 0.6045673076923077 0.09134615384615384 0.0889423076923077
4 0.47596153846153844 0.6959134615384616 0.08653846153846154 0.0889423076923077
5 0.5552884615384616 0.6995192307692307 0.08653846153846154 0.09134615384615384
3 0.4879807692307692 0.6105769230769231 0.09134615384615384 0.08653846153846154
0 0.7379807692307693 0.6189903846153846 0.0625 0.07932692307692307
6 0.7091346153846154 0.703125 0.07692307692307693 0.08413461538461539
3 0.3545673076923077 0.4831730769230769 0.1466346153846154 0.1201923076923077
7 0.7776442307692307 0.3701923076923077 0.15144230769230768 0.12980769230769232
3 0.6502403846153846 0.3641826923076923 0.13701923076923078 0.11778846153846154
9 0.34615384615384615 0.19591346153846154 0.15384615384615385 0.13221153846153846
7 0.7944711538461539 0.23197115384615385 0.1466346153846154 0.13221153846153846
1 0.4699519230769231 0.34615384615384615 0.14182692307692307 0.12980769230769232
1 0.6610576923076923 0.21875 0.13942307692307693 0.1346153846153846
9 0.328125 0.33653846153846156 0.1466346153846154 0.12980769230769232
2 0.484375 0.20793269230769232 0.13701923076923078 0.13221153846153846