1 0.4735576923076923 0.5889423076923077 0.08173076923076923 0.09615384615384616
0 0.3713942307692308 0.1971153846153846 0.11298076923076923 0.11057692307692307
1 0.47115384615384615 0.671875 0.08173076923076923 0.09375
1 0.7007211538461539 0.6117788461538461 0.08413461538461539 0.10336538461538461
5 0.6923076923076923 0.6947115384615384 0.08173076923076923 0.10096153846153846
1 0.3245192307692308 0.5733173076923077 0.08173076923076923 0.0985576923076923
2 0.5576923076923077 0.5961538461538461 0.08653846153846154 0.10096153846153846
2 0.35216346153846156 0.4639423076923077 0.12740384615384615 0.16346153846153846
4 0.3918269230769231 0.6670673076923077 0.08653846153846154 0.10336538461538461
5 0.40024038461538464 0.5817307692307693 0.08413461538461539 0.09615384615384616
1 0.7740384615384616 0.2403846153846154 0.1201923076923077 0.14423076923076922
4 0.6262019230769231 0.35697115384615385 0.12259615384615384 0.14182692307692307
2 0.5480769230769231 0.6790865384615384 0.08653846153846154 0.0985576923076923
4 0.7692307692307693 0.7019230769230769 0.08173076923076923 0.09615384615384616
1 0.46634615384615385 0.33774038461538464 0.1201923076923077 0.14182692307692307
5 0.47836538461538464 0.20673076923076922 0.1201923076923077 0.14903846153846154
9 0.3269230769230769 0.32211538461538464 0.125 0.16346153846153846
5 0.7596153846153846 0.3713942307692308 0.1201923076923077 0.15144230769230768
9 0.7788461538461539 0.6177884615384616 0.08173076923076923 0.10096153846153846
9 0.6442307692307693 0.22596153846153846 0.11538461538461539 0.15384615384615385