7 0.7704326923076923 0.24759615384615385 0.11778846153846154 0.15384615384615385
5 0.6947115384615384 0.6935096153846154 0.08173076923076923 0.0985576923076923
0 0.36899038461538464 0.19951923076923078 0.11298076923076923 0.11057692307692307
2 0.3485576923076923 0.4639423076923077 0.12980769230769232 0.15865384615384615
8 0.7824519230769231 0.6177884615384616 0.07451923076923077 0.09615384615384616
8 0.47475961538461536 0.5889423076923077 0.08413461538461539 0.09615384615384616
0 0.7163461538461539 0.6129807692307693 0.07692307692307693 0.07692307692307693
1 0.32211538461538464 0.5733173076923077 0.08173076923076923 0.0985576923076923
3 0.7632211538461539 0.3737980769230769 0.11778846153846154 0.15625
2 0.47115384615384615 0.6706730769230769 0.08173076923076923 0.09134615384615384
4 0.390625 0.6646634615384616 0.08413461538461539 0.10336538461538461
5 0.47596153846153844 0.2091346153846154 0.1201923076923077 0.14903846153846154
6 0.7728365384615384 0.6983173076923077 0.07932692307692307 0.0889423076923077
1 0.6454326923076923 0.22596153846153846 0.11778846153846154 0.14423076923076922
5 0.40024038461538464 0.5817307692307693 0.08413461538461539 0.09615384615384616
5 0.5504807692307693 0.5961538461538461 0.08173076923076923 0.09615384615384616
1 0.46274038461538464 0.3389423076923077 0.12259615384615384 0.14423076923076922
4 0.6310096153846154 0.3557692307692308 0.12259615384615384 0.14903846153846154
9 0.3245192307692308 0.3233173076923077 0.125 0.16105769230769232
9 0.5444711538461539 0.6778846153846154 0.08413461538461539 0.10096153846153846