0 0.4855769230769231 0.6706730769230769 0.0625 0.07211538461538461
0 0.35096153846153844 0.5829326923076923 0.0625 0.07451923076923077
1 0.7620192307692307 0.6899038461538461 0.09134615384615384 0.08173076923076923
4 0.47716346153846156 0.5889423076923077 0.08413461538461539 0.08173076923076923
8 0.6838942307692307 0.6838942307692307 0.09375 0.08413461538461539
0 0.7860576923076923 0.6141826923076923 0.07211538461538461 0.07451923076923077
2 0.40625 0.5853365384615384 0.08173076923076923 0.07932692307692307
0 0.5673076923076923 0.5985576923076923 0.0625 0.07211538461538461
7 0.5444711538461539 0.6730769230769231 0.08413461538461539 0.08173076923076923
1 0.6947115384615384 0.6045673076923077 0.09615384615384616 0.07932692307692307
8 0.7487980769230769 0.24639423076923078 0.13701923076923078 0.11778846153846154
1 0.45552884615384615 0.3485576923076923 0.12740384615384615 0.11538461538461539
5 0.7367788461538461 0.3701923076923077 0.13701923076923078 0.1201923076923077
6 0.4735576923076923 0.22355769230769232 0.1201923076923077 0.1201923076923077
5 0.39903846153846156 0.6646634615384616 0.09134615384615384 0.08413461538461539
2 0.3473557692307692 0.4723557692307692 0.13701923076923078 0.12259615384615384
2 0.6165865384615384 0.3605769230769231 0.12740384615384615 0.1201923076923077
2 0.6262019230769231 0.23557692307692307 0.12740384615384615 0.1201923076923077
9 0.3473557692307692 0.21394230769230768 0.14182692307692307 0.11538461538461539
9 0.33413461538461536 0.3401442307692308 0.1346153846153846 0.11778846153846154