3 0.4855769230769231 0.6045673076923077 0.07211538461538461 0.0889423076923077
0 0.38341346153846156 0.22115384615384615 0.11778846153846154 0.11538461538461539
2 0.41466346153846156 0.5949519230769231 0.07932692307692307 0.09375
1 0.3401442307692308 0.5865384615384616 0.07932692307692307 0.10096153846153846
1 0.6983173076923077 0.6225961538461539 0.07932692307692307 0.09615384615384616
7 0.5492788461538461 0.6887019230769231 0.07932692307692307 0.0985576923076923
5 0.7752403846153846 0.2644230769230769 0.11298076923076923 0.14423076923076922
2 0.36658653846153844 0.47836538461538464 0.12259615384615384 0.14903846153846154
4 0.7644230769230769 0.7103365384615384 0.08173076923076923 0.09375
6 0.7668269230769231 0.3894230769230769 0.11538461538461539 0.12980769230769232
1 0.6490384615384616 0.24879807692307693 0.11538461538461539 0.14182692307692307
4 0.47716346153846156 0.6826923076923077 0.07932692307692307 0.09134615384615384
3 0.4951923076923077 0.23557692307692307 0.10576923076923077 0.14423076923076922
4 0.4026442307692308 0.6766826923076923 0.07932692307692307 0.09375
3 0.640625 0.3798076923076923 0.10817307692307693 0.14423076923076922
9 0.34375 0.3425480769230769 0.1201923076923077 0.15625
6 0.6971153846153846 0.7019230769230769 0.08173076923076923 0.09134615384615384
2 0.5612980769230769 0.6081730769230769 0.07932692307692307 0.09615384615384616
1 0.47475961538461536 0.3557692307692308 0.11778846153846154 0.1346153846153846
9 0.7752403846153846 0.6298076923076923 0.07451923076923077 0.10096153846153846