9 0.5336538461538461 0.6105769230769231 0.08173076923076923 0.07692307692307693
0 0.7632211538461539 0.6346153846153846 0.06009615384615385 0.07211538461538461
0 0.7463942307692307 0.7091346153846154 0.055288461538461536 0.07211538461538461
8 0.4567307692307692 0.6033653846153846 0.09134615384615384 0.08173076923076923
4 0.3641826923076923 0.6706730769230769 0.07932692307692307 0.07692307692307693
6 0.6670673076923077 0.6995192307692307 0.07451923076923077 0.07692307692307693
1 0.6766826923076923 0.6237980769230769 0.09375 0.07932692307692307
5 0.38341346153846156 0.5985576923076923 0.08413461538461539 0.08173076923076923
8 0.8064903846153846 0.27524038461538464 0.1466346153846154 0.12259615384615384
9 0.34375 0.35216346153846156 0.14423076923076922 0.12740384615384615
3 0.5216346153846154 0.6862980769230769 0.07692307692307693 0.06971153846153846
3 0.44591346153846156 0.6790865384615384 0.07451923076923077 0.06971153846153846
4 0.6382211538461539 0.38461538461538464 0.13221153846153846 0.125
1 0.3473557692307692 0.4855769230769231 0.13701923076923078 0.125
1 0.47716346153846156 0.3641826923076923 0.13701923076923078 0.12740384615384615
9 0.7692307692307693 0.39903846153846156 0.14423076923076922 0.1201923076923077
9 0.6766826923076923 0.25841346153846156 0.14182692307692307 0.12259615384615384
3 0.5168269230769231 0.23918269230769232 0.12980769230769232 0.11298076923076923
9 0.37740384615384615 0.21995192307692307 0.14903846153846154 0.12740384615384615