6 0.4831730769230769 0.5817307692307693 0.07211538461538461 0.07692307692307693
0 0.34975961538461536 0.578125 0.06490384615384616 0.07451923076923077
6 0.6935096153846154 0.6802884615384616 0.08413461538461539 0.08653846153846154
0 0.42427884615384615 0.5829326923076923 0.06009615384615385 0.07451923076923077
0 0.7884615384615384 0.6057692307692307 0.07211538461538461 0.07692307692307693
6 0.5540865384615384 0.6706730769230769 0.07932692307692307 0.08173076923076923
1 0.7668269230769231 0.6838942307692307 0.09134615384615384 0.08413461538461539
1 0.5564903846153846 0.5877403846153846 0.0889423076923077 0.08413461538461539
0 0.7824519230769231 0.23918269230769232 0.07932692307692307 0.10336538461538461
1 0.6959134615384616 0.5961538461538461 0.09375 0.08173076923076923
2 0.35216346153846156 0.46634615384615385 0.13701923076923078 0.1201923076923077
4 0.3954326923076923 0.6622596153846154 0.0889423076923077 0.08413461538461539
3 0.47596153846153844 0.6670673076923077 0.08653846153846154 0.07932692307692307
1 0.4567307692307692 0.3389423076923077 0.12980769230769232 0.1201923076923077
3 0.6358173076923077 0.23076923076923078 0.13701923076923078 0.11057692307692307
4 0.6189903846153846 0.35336538461538464 0.13221153846153846 0.1201923076923077
9 0.7463942307692307 0.3605769230769231 0.13701923076923078 0.1201923076923077
9 0.33052884615384615 0.33052884615384615 0.13701923076923078 0.12259615384615384
9 0.3425480769230769 0.20072115384615385 0.13701923076923078 0.11778846153846154
5 0.46634615384615385 0.2127403846153846 0.1346153846153846 0.12259615384615384