8 0.5012019230769231 0.8016826923076923 0.10336538461538461 0.10336538461538461
0 0.7067307692307693 0.7175480769230769 0.0673076923076923 0.09375
8 0.7788461538461539 0.7211538461538461 0.09615384615384616 0.09615384615384616
8 0.7716346153846154 0.8233173076923077 0.10096153846153846 0.10336538461538461
2 0.40865384615384615 0.7908653846153846 0.09615384615384616 0.10576923076923077
0 0.7644230769230769 0.43149038461538464 0.09134615384615384 0.12259615384615384
4 0.3112980769230769 0.7860576923076923 0.10336538461538461 0.10576923076923077
7 0.5060096153846154 0.6983173076923077 0.10336538461538461 0.0985576923076923
6 0.32572115384615385 0.6826923076923077 0.09375 0.10096153846153846
7 0.4098557692307692 0.6911057692307693 0.10336538461538461 0.0985576923076923
5 0.6802884615384616 0.8137019230769231 0.10096153846153846 0.10336538461538461
3 0.2548076923076923 0.5456730769230769 0.16346153846153846 0.1346153846153846
1 0.38341346153846156 0.3918269230769231 0.15144230769230768 0.14423076923076922
4 0.5829326923076923 0.41346153846153844 0.16105769230769232 0.14903846153846154
3 0.5985576923076923 0.2668269230769231 0.14903846153846154 0.1346153846153846
3 0.4026442307692308 0.2439903846153846 0.15144230769230768 0.12740384615384615
9 0.2439903846153846 0.2247596153846154 0.16105769230769232 0.14182692307692307
4 0.7367788461538461 0.27884615384615385 0.14182692307692307 0.14423076923076922
9 0.22596153846153846 0.375 0.15865384615384615 0.14423076923076922