4 0.34134615384615385 0.6550480769230769 0.08653846153846154 0.08413461538461539
0 0.29447115384615385 0.5673076923076923 0.05048076923076923 0.07211538461538461
6 0.7487980769230769 0.6923076923076923 0.07932692307692307 0.08653846153846154
6 0.6706730769230769 0.6838942307692307 0.08173076923076923 0.08413461538461539
3 0.31009615384615385 0.4579326923076923 0.14423076923076922 0.11298076923076923
9 0.3088942307692308 0.19110576923076922 0.1466346153846154 0.11778846153846154
1 0.671875 0.6045673076923077 0.0889423076923077 0.08413461538461539
4 0.6165865384615384 0.23197115384615385 0.12740384615384615 0.12259615384615384
9 0.7524038461538461 0.6117788461538461 0.09134615384615384 0.07932692307692307
3 0.5120192307692307 0.671875 0.09134615384615384 0.07932692307692307
9 0.3557692307692308 0.5721153846153846 0.08653846153846154 0.08653846153846154
7 0.4362980769230769 0.578125 0.0889423076923077 0.08413461538461539
6 0.5216346153846154 0.5877403846153846 0.08173076923076923 0.08413461538461539
5 0.4230769230769231 0.6622596153846154 0.08653846153846154 0.08413461538461539
1 0.4254807692307692 0.3329326923076923 0.1346153846153846 0.12259615384615384
1 0.7463942307692307 0.24879807692307693 0.13701923076923078 0.11778846153846154
3 0.6021634615384616 0.3581730769230769 0.13221153846153846 0.11057692307692307
5 0.7283653846153846 0.37259615384615385 0.12980769230769232 0.1201923076923077
5 0.4411057692307692 0.2091346153846154 0.13701923076923078 0.1201923076923077
9 0.28846153846153844 0.3173076923076923 0.14423076923076922 0.1201923076923077