0 0.6370192307692307 0.6850961538461539 0.07211538461538461 0.0673076923076923
0 0.7331730769230769 0.6153846153846154 0.0673076923076923 0.0625
9 0.6983173076923077 0.6887019230769231 0.09375 0.06971153846153846
6 0.5036057692307693 0.6694711538461539 0.07932692307692307 0.06971153846153846
0 0.43990384615384615 0.6694711538461539 0.07692307692307693 0.06971153846153846
6 0.7644230769230769 0.3762019230769231 0.1201923076923077 0.10336538461538461
3 0.5192307692307693 0.5973557692307693 0.09134615384615384 0.06971153846153846
1 0.6538461538461539 0.6081730769230769 0.09615384615384616 0.07211538461538461
4 0.38100961538461536 0.5865384615384616 0.0889423076923077 0.07692307692307693
1 0.4519230769230769 0.5925480769230769 0.09615384615384616 0.07932692307692307
0 0.6947115384615384 0.24278846153846154 0.09615384615384616 0.10576923076923077
1 0.6346153846153846 0.37259615384615385 0.15384615384615385 0.11538461538461539
1 0.3125 0.5805288461538461 0.10576923076923077 0.07932692307692307
5 0.3581730769230769 0.6622596153846154 0.10096153846153846 0.07451923076923077
0 0.41947115384615385 0.2127403846153846 0.11778846153846154 0.11778846153846154
6 0.8125 0.2512019230769231 0.11538461538461539 0.11778846153846154
1 0.4831730769230769 0.35096153846153844 0.13942307692307693 0.11538461538461539
2 0.5240384615384616 0.21995192307692307 0.14903846153846154 0.12740384615384615
9 0.3545673076923077 0.3389423076923077 0.1658653846153846 0.1201923076923077
2 0.34975961538461536 0.47475961538461536 0.1658653846153846 0.12259615384615384