8 0.7728365384615384 0.6875 0.10336538461538461 0.10096153846153846
0 0.703125 0.6838942307692307 0.06971153846153846 0.0889423076923077
3 0.42427884615384615 0.6598557692307693 0.09375 0.09375
6 0.6862980769230769 0.7740384615384616 0.09375 0.10096153846153846
4 0.7692307692307693 0.7860576923076923 0.09615384615384616 0.10096153846153846
4 0.41466346153846156 0.7560096153846154 0.09375 0.0985576923076923
8 0.33052884615384615 0.6502403846153846 0.10336538461538461 0.09375
7 0.5048076923076923 0.7632211538461539 0.10096153846153846 0.09375
4 0.32211538461538464 0.7487980769230769 0.10096153846153846 0.10336538461538461
9 0.5108173076923077 0.6646634615384616 0.10336538461538461 0.0985576923076923
3 0.27283653846153844 0.5180288461538461 0.16105769230769232 0.13221153846153846
4 0.7307692307692307 0.25721153846153844 0.13942307692307693 0.1346153846153846
3 0.5913461538461539 0.390625 0.14903846153846154 0.12740384615384615
6 0.7379807692307693 0.4014423076923077 0.1346153846153846 0.14423076923076922
9 0.24158653846153846 0.35216346153846156 0.15625 0.14182692307692307
4 0.4014423076923077 0.22115384615384615 0.13942307692307693 0.13942307692307693
1 0.3918269230769231 0.36778846153846156 0.14903846153846154 0.13942307692307693
9 0.25721153846153844 0.20552884615384615 0.15384615384615385 0.13701923076923078
2 0.59375 0.24158653846153846 0.13942307692307693 0.13701923076923078